-40	2.01953e-33	-1.80983e-17	4.11337e-17	3.19314e-218	-1.57274e-109	-8.48311e-110
-39.7324	9.60318e-33	-3.97664e-17	8.95646e-17	6.61681e-216	-2.31161e-108	-1.1284e-108
-39.4649	2.66428e-32	-6.69591e-17	1.4886e-16	1.33243e-213	-3.34248e-107	-1.467e-107
-39.1973	5.7582e-32	-9.96001e-17	2.18316e-16	2.60736e-211	-4.75504e-106	-1.86097e-106
-38.9298	1.03149e-31	-1.34519e-16	2.91639e-16	4.95819e-209	-6.65576e-105	-2.29841e-105
-38.6622	1.53729e-31	-1.64246e-16	3.56023e-16	9.1624e-207	-9.16695e-104	-2.75519e-104
-38.3946	1.85646e-31	-1.76566e-16	3.93027e-16	1.64535e-204	-1.24238e-102	-3.19126e-103
-38.1271	1.70742e-31	-1.56134e-16	3.82575e-16	2.87127e-202	-1.65694e-101	-3.5471e-102
-37.8595	1.04352e-31	-8.94442e-17	3.10406e-16	4.86913e-200	-2.17467e-100	-3.74091e-101
-37.592	3.21615e-32	2.67419e-17	1.77331e-16	8.02404e-198	-2.80884e-99	-3.66698e-100
-37.3244	3.09981e-32	1.75954e-16	6.19913e-18	1.28499e-195	-3.5704e-98	-3.19613e-99
-37.0569	1.25977e-31	3.17365e-16	-1.58923e-16	1.99972e-193	-4.46651e-97	-2.17879e-98
-36.7893	2.25077e-31	3.93375e-16	-2.65205e-16	3.02415e-191	-5.49904e-96	-4.5116e-98
-36.5217	1.99698e-31	3.53421e-16	-2.73479e-16	4.44427e-189	-6.66305e-95	2.15515e-96
-36.2542	6.81879e-32	1.87818e-16	-1.81417e-16	6.34691e-187	-7.94561e-94	5.80033e-95
-35.9866	3.38793e-33	-4.77198e-17	-3.33279e-17	8.80822e-185	-9.32492e-93	1.06209e-93
-35.7191	6.73679e-32	-2.41759e-16	9.44497e-17	1.1879e-182	-1.07702e-91	1.67125e-92
-35.4515	9.69354e-32	-2.82303e-16	1.31303e-16	1.5568e-180	-1.22419e-90	2.41134e-91
-35.1839	2.14549e-32	-1.35414e-16	5.5838e-17	1.98267e-178	-1.36936e-89	3.2789e-90
-34.9164	1.82873e-32	1.07519e-16	-8.20184e-17	2.45375e-176	-1.50735e-88	4.26207e-89
-34.6488	1.04643e-31	2.67577e-16	-1.81785e-16	2.95105e-174	-1.63275e-87	5.34014e-88
-34.3813	6.45674e-32	2.01399e-16	-1.54938e-16	3.44894e-172	-1.74028e-86	6.48368e-87
-34.1137	4.87603e-33	-6.97527e-17	3.25487e-18	3.91705e-170	-1.82509e-85	7.65562e-86
-33.8462	1.51451e-31	-3.41413e-16	1.86785e-16	4.32312e-168	-1.88319e-84	8.81309e-85
-33.5786	1.94545e-31	-3.70778e-16	2.38892e-16	4.63659e-166	-1.91168e-83	9.90989e-84
-33.311	1.55145e-32	-9.49223e-17	8.06489e-17	4.83241e-164	-1.90903e-82	1.08996e-82
-33.0435	1.11252e-31	2.73723e-16	-1.90599e-16	4.89433e-162	-1.87519e-81	1.17388e-81
-32.7759	2.90368e-31	4.09262e-16	-3.50532e-16	4.81711e-160	-1.81161e-80	1.23902e-80
-32.5084	9.96796e-32	1.93156e-16	-2.49741e-16	4.60727e-158	-1.72115e-79	1.28254e-79
-32.2408	1.38174e-32	-1.17116e-16	1.00652e-17	4.28218e-156	-1.60785e-78	1.3027e-78
-31.9732	3.44792e-32	-1.12149e-16	1.47993e-16	3.86768e-154	-1.47662e-77	1.29895e-77
-31.7057	9.37744e-32	3.06049e-16	1.03956e-17	3.39469e-152	-1.33293e-76	1.272e-76
-31.4381	5.79775e-31	7.28436e-16	-2.21711e-16	2.89543e-150	-1.1824e-75	1.22367e-75
-31.1706	4.59191e-31	6.37417e-16	-2.2998e-16	2.39988e-148	-1.03044e-74	1.15675e-74
-30.903	1.54955e-33	3.52283e-17	1.75648e-17	1.933e-146	-8.81955e-74	1.07478e-73
-30.6355	2.6141e-31	-4.78891e-16	1.79092e-16	1.51299e-144	-7.41101e-73	9.81713e-73
-30.3679	1.56365e-31	-3.95429e-16	-9.00028e-19	1.15081e-142	-6.11112e-72	8.81678e-72
-30.1003	7.6507e-32	7.2563e-17	-2.66911e-16	8.50625e-141	-4.94245e-71	7.78683e-71
-29.8328	1.0598e-31	2.87552e-16	-1.52624e-16	6.10992e-139	-3.91792e-70	6.76381e-70
-29.5652	8.99703e-32	4.9168e-17	2.95893e-16	4.26478e-137	-3.0416e-69	5.77897e-69
-29.2977	2.59888e-31	-2.07878e-16	4.65484e-16	2.89282e-135	-2.31009e-68	4.85712e-68
-29.0301	2.35695e-32	-1.447e-16	5.12963e-17	1.90682e-133	-1.71417e-67	4.01619e-67
-28.7625	1.61042e-31	-5.27201e-19	-4.013e-16	1.22141e-131	-1.24054e-66	3.26729e-66
-28.495	8.76319e-32	-8.68209e-17	-2.83009e-16	7.60291e-130	-8.73468e-66	2.61533e-65
-28.2274	6.44246e-32	-2.37341e-16	8.99658e-17	4.59897e-128	-5.96348e-65	2.05994e-64
-27.9599	3.10629e-32	-1.76231e-16	2.32147e-18	2.70337e-126	-3.92836e-64	1.59657e-63
-27.6923	1.44512e-31	-5.13574e-17	-3.76663e-16	1.54424e-124	-2.47757e-63	1.21772e-62
-27.4247	9.37708e-32	-1.15716e-16	-2.83515e-16	8.57209e-123	-1.47671e-62	9.14003e-62
-27.1572	7.53126e-32	-2.405e-16	1.32182e-16	4.62406e-121	-8.11643e-62	6.75143e-61
-26.8896	5.64668e-32	-2.36858e-16	-1.91068e-17	2.42395e-119	-3.89062e-61	4.90797e-60
-26.6221	3.9553e-31	-2.45078e-16	-5.79195e-16	1.23478e-117	-1.35493e-60	3.51133e-59
-26.3545	3.44193e-31	-3.3737e-16	-4.79973e-16	6.11247e-116	4.8688e-61	2.47234e-58
-26.087	9.06903e-32	-2.66108e-16	1.40985e-16	2.94042e-114	7.28676e-59	1.71322e-57
-25.8194	1.62829e-32	-1.55348e-17	1.26655e-16	1.37457e-112	9.72513e-58	1.16838e-56
-25.5518	1.07671e-31	7.27838e-17	-3.19958e-16	6.24433e-111	9.74078e-57	7.84184e-56
-25.2843	5.67567e-33	-1.07569e-18	-7.53294e-17	2.75658e-109	8.57819e-56	5.17976e-55
-25.0167	1.58583e-31	8.25072e-17	3.89584e-16	1.18255e-107	6.98879e-55	3.36705e-54
-24.7492	3.62685e-32	1.89811e-16	-1.55057e-17	4.92982e-106	5.38974e-54	2.15391e-53
-24.4816	2.62977e-31	4.4248e-18	-5.12794e-16	1.99714e-104	3.98326e-53	1.3559e-52
-24.214	3.95615e-32	-1.56734e-16	-1.22458e-16	7.86227e-103	2.84197e-52	8.39916e-52
-23.9465	3.8783e-32	7.82241e-17	1.80732e-16	3.00782e-101	1.9669e-51	5.11952e-51
-23.6789	1.53293e-31	2.87383e-16	-2.65902e-16	1.1182e-99	1.32479e-50	3.07034e-50
-23.4114	1.78232e-31	7.04546e-17	-4.16255e-16	4.03973e-98	8.70409e-50	1.81166e-49
-23.1438	1.80762e-32	-1.34316e-16	-5.94751e-18	1.41824e-96	5.58808e-49	1.05165e-48
-22.8763	1.53541e-32	3.35314e-17	1.19288e-16	4.83848e-95	3.5102e-48	6.00527e-48
-22.6087	1.69081e-32	1.27343e-16	2.63019e-17	1.6041e-93	2.1596e-47	3.37301e-47
-22.3411	2.69488e-32	-1.64149e-16	-1.94713e-18	5.16798e-92	1.30237e-46	1.86328e-46
-22.0736	1.23408e-31	-2.55696e-16	-2.40889e-16	1.61798e-90	7.70375e-46	1.01218e-45
-21.806	1.53311e-31	2.79151e-16	-2.74566e-16	4.92253e-89	4.472e-45	5.40616e-45
-21.5385	4.0077e-31	6.00564e-16	2.00232e-16	1.45535e-87	2.54873e-44	2.83858e-44
-21.2709	1.21768e-31	4.0444e-17	3.46601e-16	4.18131e-86	1.42668e-43	1.46489e-43
-21.0033	8.86794e-32	-2.95747e-16	3.4832e-17	1.1674e-84	7.84592e-43	7.42844e-43
-20.7358	8.54298e-32	2.92284e-16	-2.96565e-19	3.16732e-83	4.24022e-42	3.70051e-42
-20.4682	2.76628e-31	5.12275e-16	1.19172e-16	8.3508e-82	2.25245e-41	1.81032e-41
-20.2007	9.50055e-33	8.88105e-17	4.01652e-17	2.13958e-80	1.17633e-40	8.69376e-41
-19.9331	6.54515e-32	2.24441e-16	-1.22792e-16	5.32711e-79	6.04063e-40	4.09656e-40
-19.6656	2.42238e-31	4.3445e-16	-2.31281e-16	1.2889e-77	3.05052e-39	1.89297e-39
-19.398	2.65451e-34	-1.53348e-17	5.50416e-18	3.03047e-76	1.51516e-38	8.57186e-39
-19.1304	1.68226e-31	-1.0518e-16	3.96438e-16	6.92415e-75	7.40256e-38	3.80047e-38
-18.8629	2.07389e-31	2.74983e-16	3.63006e-16	1.5374e-73	3.55783e-37	1.64797e-37
-18.5953	8.30828e-32	2.45196e-16	1.51531e-16	3.31718e-72	1.6823e-36	6.97887e-37
-18.3278	3.15858e-33	2.3621e-17	-5.09964e-17	6.95532e-71	7.82649e-36	2.88083e-36
-18.0602	9.48724e-32	2.66741e-17	-3.06856e-16	1.41719e-69	3.58263e-35	1.15615e-35
-17.7926	6.24564e-32	2.04213e-16	-1.4406e-16	2.8061e-68	1.61373e-34	4.4943e-35
-17.5251	3.61907e-32	1.67983e-16	8.92879e-17	5.39937e-67	7.15272e-34	1.68294e-34
-17.2575	8.91184e-32	-2.36953e-16	-1.81582e-16	1.00959e-65	3.1199e-33	6.01785e-34
-16.99	2.04139e-31	-3.14266e-16	-3.24616e-16	1.83448e-64	1.33922e-32	2.02414e-33
-16.7224	6.74399e-32	-2.4502e-16	-8.60524e-17	3.23926e-63	5.65738e-32	6.218e-33
-16.4548	8.35311e-32	-2.89011e-16	1.87386e-18	5.55828e-62	2.352e-31	1.62387e-32
-16.1873	2.09081e-31	3.17466e-16	-3.29084e-16	9.26829e-61	9.62332e-31	2.73327e-32
-15.9197	6.24443e-31	5.06792e-16	-6.06305e-16	1.50184e-59	3.87507e-30	-4.70565e-32
-15.6522	2.018e-31	-3.94731e-16	-2.14447e-16	2.36489e-58	1.53568e-29	-8.09755e-31
-15.3846	3.20037e-31	-5.50507e-16	1.303e-16	3.61877e-57	5.98951e-29	-5.59954e-30
-15.1171	9.1583e-32	1.11087e-16	-2.81501e-16	5.38117e-56	2.29901e-28	-3.09354e-29
-14.8495	6.35567e-31	2.48398e-16	-7.57539e-16	7.77598e-55	8.68455e-28	-1.52918e-28
-14.5819	1.8624e-31	-9.37655e-17	-4.21246e-16	1.09194e-53	3.22849e-27	-7.04451e-28
-14.3144	1.47448e-31	-1.30555e-16	3.61114e-16	1.49007e-52	1.1811e-26	-3.08347e-27
-14.0468	8.1012e-32	1.40388e-16	2.47595e-16	1.97595e-51	4.25197e-26	-1.29624e-26
-13.7793	2.99598e-32	1.08147e-16	-1.35144e-16	2.54631e-50	1.50625e-25	-5.26798e-26
-13.5117	6.28431e-32	2.49311e-16	-2.62162e-17	3.18867e-49	5.25031e-25	-2.07869e-25
-13.2441	5.26177e-31	6.8851e-16	-2.28322e-16	3.88037e-48	1.80065e-24	-7.98769e-25
-12.9766	1.30393e-30	1.13443e-15	-1.30427e-16	4.58881e-47	6.07576e-24	-2.99554e-24
-12.709	1.36849e-30	1.16334e-15	-1.22959e-16	5.2734e-46	2.01682e-23	-1.09811e-23
-12.4415	1.63539e-31	2.76264e-16	-2.95326e-16	5.88905e-45	6.58549e-23	-3.93978e-23
-12.1739	3.43598e-32	1.69409e-16	7.52362e-17	6.39093e-44	2.11506e-22	-1.38472e-22
-11.9064	3.1917e-31	4.88798e-16	-2.83279e-16	6.7398e-43	6.68065e-22	-4.77147e-22
-11.6388	4.77093e-31	6.15223e-16	-3.13997e-16	6.90707e-42	2.075e-21	-1.6129e-21
-11.3712	1.442e-30	1.18744e-15	1.78877e-16	6.87867e-41	6.33656e-21	-5.35113e-21
-11.1037	2.26839e-31	4.40954e-16	1.79997e-16	6.657e-40	1.90216e-20	-1.74321e-20
-10.8361	9.85464e-32	3.02283e-16	8.46837e-17	6.26062e-39	5.6119e-20	-5.57789e-20
-10.5686	8.03071e-31	6.76428e-16	-5.87805e-16	5.72163e-38	1.6268e-19	-1.75362e-19
-10.301	6.04228e-31	-3.29326e-16	-7.04111e-16	5.08143e-37	4.63227e-19	-5.41816e-19
-10.0334	7.5461e-31	-4.87109e-16	-7.1926e-16	4.38548e-36	1.29522e-18	-1.64556e-18
-9.76589	9.19538e-31	-9.4357e-16	-1.70922e-16	3.678e-35	3.55473e-18	-4.91364e-18
-9.49833	1.75045e-30	-1.17816e-15	6.01987e-16	2.99757e-34	9.57131e-18	-1.44273e-17
-9.23077	8.91778e-31	-9.31908e-16	-1.52728e-16	2.37406e-33	2.52684e-17	-4.16602e-17
-8.96321	1.04318e-30	-8.30085e-16	5.95094e-16	1.82717e-32	6.5359e-17	-1.18321e-16
-8.69565	4.05769e-32	-6.22254e-17	1.91585e-16	1.36656e-31	1.65483e-16	-3.30562e-16
-8.42809	3.81844e-30	-4.67058e-16	-1.89744e-15	9.93214e-31	4.09646e-16	-9.08517e-16
-8.16054	1.43963e-29	-1.1805e-15	-3.60593e-15	7.01489e-30	9.8993e-16	-2.45661e-15
-7.89298	1.12355e-28	-4.01093e-15	-9.81162e-15	4.81463e-29	2.33048e-15	-6.53569e-15
-7.62542	7.30741e-28	-1.23911e-14	-2.4025e-14	3.21122e-28	5.32966e-15	-1.7109e-14
-7.35786	4.22047e-27	-3.4903e-14	-5.47929e-14	2.08132e-27	1.17922e-14	-4.40712e-14
-7.0903	2.46186e-26	-9.62003e-14	-1.23952e-13	1.31091e-26	2.50879e-14	-1.11713e-13
-6.82274	1.40575e-25	-2.53043e-13	-2.76666e-13	8.02364e-26	5.08157e-14	-2.78665e-13
-6.55518	7.81862e-25	-6.45789e-13	-6.04002e-13	4.77237e-25	9.62864e-14	-6.8408e-13
-6.28763	4.25875e-24	-1.60851e-12	-1.29284e-12	2.75842e-24	1.64646e-13	-1.65267e-12
-6.02007	2.26439e-23	-3.91538e-12	-2.70439e-12	1.54935e-23	2.31153e-13	-3.92939e-12
-5.75251	1.17362e-22	-9.32191e-12	-5.51947e-12	8.45675e-23	1.67556e-13	-9.19453e-12
-5.48495	5.93298e-22	-2.17457e-11	-1.09737e-11	4.48561e-22	-4.72603e-13	-2.1174e-11
-5.21739	2.92369e-21	-4.97475e-11	-2.11866e-11	2.31208e-21	-3.02029e-12	-4.79892e-11
-4.94983	1.40443e-20	-1.11707e-10	-3.95697e-11	1.15811e-20	-1.11067e-11	-1.07041e-10
-4.68227	6.57581e-20	-2.46391e-10	-7.1061e-11	5.63714e-20	-3.40548e-11	-2.34972e-10
-4.41472	3.00078e-19	-5.34144e-10	-1.21522e-10	2.66644e-19	-9.47151e-11	-5.07616e-10
-4.14716	1.3345e-18	-1.13871e-09	-1.94507e-10	1.22566e-18	-2.47005e-10	-1.07919e-09
-3.8796	5.78307e-18	-2.38829e-09	-2.81308e-10	5.47485e-18	-6.1405e-10	-2.25783e-09
-3.61204	2.44183e-17	-4.9301e-09	-3.35324e-10	2.3765e-17	-1.46893e-09	-4.64836e-09
-3.34448	1.0045e-16	-1.00202e-08	-2.12365e-10	1.00246e-16	-3.40136e-09	-9.41683e-09
-3.07692	4.02549e-16	-2.00584e-08	4.59439e-10	4.10923e-16	-7.65353e-09	-1.87709e-08
-2.80936	1.57139e-15	-3.95588e-08	2.54908e-09	1.63689e-15	-1.67811e-08	-3.68141e-08
-2.54181	5.97461e-15	-7.68848e-08	7.95798e-09	6.33636e-15	-3.59247e-08	-7.10336e-08
-2.27425	2.21235e-14	-1.473e-07	2.06455e-08	2.38356e-14	-7.52026e-08	-1.34834e-07
-2.00669	7.97771e-14	-2.78248e-07	4.85305e-08	8.71314e-14	-1.54112e-07	-2.51755e-07
-1.73913	2.80123e-13	-5.18356e-07	1.0691e-07	3.0952e-13	-3.09456e-07	-4.62338e-07
-1.47157	9.57694e-13	-9.52536e-07	2.2443e-07	1.06848e-12	-6.09301e-07	-8.35003e-07
-1.20401	3.1877e-12	-1.72693e-06	4.5321e-07	3.58432e-12	-1.17703e-06	-1.48287e-06
-0.936455	1.03291e-11	-3.08949e-06	8.85545e-07	1.16846e-11	-2.23192e-06	-2.58903e-06
-0.668896	3.25801e-11	-5.45487e-06	1.68063e-06	3.70153e-11	-4.15598e-06	-4.44333e-06
-0.401338	1.00025e-10	-9.50667e-06	3.10612e-06	1.1395e-10	-7.60184e-06	-7.49414e-06
-0.133779	2.98878e-10	-1.63558e-05	5.60056e-06	3.40888e-10	-1.36627e-05	-1.24184e-05
0.133779	8.69119e-10	-2.77816e-05	9.86429e-06	9.90999e-10	-2.41343e-05	-2.02123e-05
0.401338	2.45939e-09	-4.65925e-05	1.69863e-05	2.79961e-09	-4.1908e-05	-3.23007e-05
0.668896	6.77182e-09	-7.71562e-05	2.86137e-05	7.68577e-09	-7.1549e-05	-5.06608e-05
0.936455	1.81418e-08	-0.000126163	4.71657e-05	2.05041e-08	-0.000120121	-7.79422e-05
1.20401	4.72841e-08	-0.000203704	7.6084e-05	5.31566e-08	-0.000198337	-0.000117555
1.47157	1.19888e-07	-0.000324755	0.000120093	1.33918e-07	-0.000322109	-0.000173676
1.73913	2.95687e-07	-0.000511184	0.000185415	3.27856e-07	-0.000514594	-0.000251097
2.00669	7.09325e-07	-0.000794365	0.000279839	7.79996e-07	-0.000808767	-0.000354813
2.27425	1.65493e-06	-0.00121852	0.000412491	1.80329e-06	-0.00125058	-0.000489214
2.54181	3.75492e-06	-0.00184478	0.000593059	4.05137e-06	-0.00190266	-0.000656706
2.80936	8.28456e-06	-0.00275598	0.000830157	8.8451e-06	-0.00284834	-0.000855604
3.07692	1.77725e-05	-0.00406192	0.00112842	1.87658e-05	-0.00419591	-0.00107709
3.34448	3.70681e-05	-0.00590477	0.00148385	3.86898e-05	-0.0060825	-0.00130112
3.61204	7.51593e-05	-0.00846384	0.0018769	7.75156e-05	-0.00867708	-0.00149126
3.8796	0.000148134	-0.0119588	0.00226284	0.00015092	-0.0121818	-0.00158842
4.14716	0.000283774	-0.01665	0.00255932	0.00028554	-0.0168309	-0.00150401
4.41472	0.000528314	-0.022834	0.002631	0.00052499	-0.0228856	-0.00111279
4.68227	0.000955797	-0.0308323	0.00227233	0.000937993	-0.0306257	-0.000246479
4.94983	0.00168014	-0.0409722	0.00118974	0.00162859	-0.0403345	0.00131092
5.21739	0.00286932	-0.0535564	-0.00101404	0.00274782	-0.05228	0.00382467
5.48495	0.00476007	-0.0688225	-0.00485005	0.00450536	-0.0666896	0.00760634
5.75251	0.00766995	-0.0868919	-0.0109431	0.0071785	-0.083722	0.0130049
6.02007	0.0120021	-0.10771	-0.0200164	0.0111148	-0.103436	0.020391
6.28763	0.0182368	-0.130986	-0.0328572	0.0167238	-0.125761	0.0301338
6.55518	0.0269031	-0.156132	-0.0502577	0.0244529	-0.150468	0.0425707
6.82274	0.0385254	-0.182226	-0.0729324	0.0347449	-0.177156	0.0579719
7.0903	0.0535446	-0.20799	-0.101413	0.047975	-0.205238	0.0765012
7.35786	0.0722161	-0.231817	-0.13593	0.064373	-0.233953	0.098178
7.62542	0.0944984	-0.251835	-0.176288	0.0839375	-0.262387	0.122844
7.89298	0.119952	-0.266032	-0.221763	0.106358	-0.289512	0.150137
8.16054	0.147672	-0.272425	-0.271029	0.130964	-0.314245	0.179483
8.42809	0.176284	-0.269272	-0.322144	0.15671	-0.335509	0.210104
8.69565	0.204015	-0.255298	-0.372609	0.182223	-0.352312	0.241039
8.96321	0.228849	-0.229913	-0.419511	0.20591	-0.363819	0.271193
9.23077	0.248762	-0.193389	-0.459742	0.226106	-0.369414	0.299399
9.49833	0.26198	-0.14695	-0.490291	0.241275	-0.368757	0.32449
9.76589	0.26724	-0.0927641	-0.508561	0.250194	-0.36181	0.345379
10.0334	0.263989	-0.0338163	-0.512684	0.252118	-0.34885	0.36114
10.301	0.252475	0.026341	-0.501778	0.246886	-0.330444	0.371069
10.5686	0.233721	0.0839232	-0.476107	0.234937	-0.307414	0.374745
10.8361	0.209375	0.135303	-0.437113	0.217256	-0.280773	0.372052
11.1037	0.181467	0.177395	-0.387296	0.195234	-0.251651	0.363189
11.3712	0.152132	0.207981	-0.329964	0.170492	-0.221217	0.348647
11.6388	0.123339	0.225925	-0.26888	0.144682	-0.190602	0.32917
11.9064	0.0966804	0.231248	-0.207857	0.119314	-0.160831	0.305691
12.1739	0.0732576	0.225049	-0.150367	0.0956159	-0.132767	0.279265
12.4415	0.0536487	0.209299	-0.0992098	0.0744619	-0.10708	0.25099
12.709	0.0379647	0.186535	-0.056296	0.056351	-0.0842267	0.221939
12.9766	0.0259565	0.159522	-0.0225669	0.0414413	-0.064457	0.193097
13.2441	0.0171431	0.130917	0.00195921	0.0296161	-0.0478299	0.165313
13.5117	0.0109359	0.103009	0.0180292	0.0205678	-0.0342434	0.139267
13.7793	0.00673743	0.0775388	0.026929	0.0138807	-0.0234715	0.115455
14.0468	0.00400832	0.0556268	0.030232	0.0091033	-0.0152031	0.0941922
14.3144	0.00230263	0.0377958	0.0295653	0.00580163	-0.00907954	0.0756253
14.5819	0.00127718	0.0240626	0.026423	0.00359307	-0.00472751	0.0597555
14.8495	0.000683959	0.0140732	0.0220432	0.00216244	-0.00178581	0.0464678
15.1171	0.000353624	0.00724803	0.017352	0.0012647	7.55894e-05	0.0355626
15.3846	0.000176516	0.00291539	0.0129621	0.000718779	0.00114346	0.0267857
15.6522	8.50669e-05	0.000414929	0.00921383	0.000396978	0.00165581	0.0198554
15.9197	3.95802e-05	-0.000833589	0.00623581	0.00021306	0.00180155	0.014485
16.1873	1.77808e-05	-0.00129566	0.00401274	0.000111122	0.00172393	0.0103995
16.4548	7.71264e-06	-0.00131475	0.00244624	5.63202e-05	0.00152634	0.00734782
16.7224	3.23043e-06	-0.00112357	0.00140286	2.7739e-05	0.00127929	0.00510905
16.99	1.30663e-06	-0.00086524	0.000746987	1.32764e-05	0.00102756	0.00349579
17.2575	5.1041e-07	-0.000617208	0.000359813	6.175e-06	0.000796827	0.00235373
17.5251	1.92576e-07	-0.000413351	0.000147366	2.79097e-06	0.000599392	0.00155939
17.7926	7.01848e-08	-0.000261695	4.12347e-05	1.22585e-06	0.000438796	0.00101652
18.0602	2.47112e-08	-0.000157124	-4.81731e-06	5.23222e-07	0.000313351	0.000651945
18.3278	8.40633e-09	-8.95114e-05	-1.98503e-05	2.17018e-07	0.000218657	0.000411348
18.5953	2.76335e-09	-4.82866e-05	-2.07787e-05	8.74725e-08	0.000149289	0.000255314
18.8629	8.77891e-10	-2.45379e-05	-1.66068e-05	3.42618e-08	9.98315e-05	0.00015587
19.1304	2.69576e-10	-1.16266e-05	-1.1593e-05	1.30411e-08	6.54379e-05	9.35892e-05
19.398	8.00238e-11	-5.03305e-06	-7.39542e-06	4.82369e-09	4.20722e-05	5.52596e-05
19.6656	2.29679e-11	-1.90182e-06	-4.39897e-06	1.73385e-09	2.65457e-05	3.20807e-05
19.9331	6.37457e-12	-5.47098e-07	-2.4648e-06	6.05627e-10	1.64444e-05	1.83087e-05
20.2007	1.71111e-12	-3.75493e-08	-1.30755e-06	2.05572e-10	1.00051e-05	1.02698e-05
20.4682	4.44294e-13	1.06858e-07	-6.57933e-07	6.78088e-11	5.98055e-06	5.66056e-06
20.7358	1.11609e-13	1.14764e-07	-3.13748e-07	2.17357e-11	3.51308e-06	3.06496e-06
21.0033	2.71289e-14	8.47114e-08	-1.41255e-07	6.77054e-12	2.02842e-06	1.62974e-06
21.2709	6.38181e-15	5.32476e-08	-5.95525e-08	2.04945e-12	1.15142e-06	8.5069e-07
21.5385	1.45313e-15	3.0298e-08	-2.31337e-08	6.0286e-13	6.42674e-07	4.35694e-07
21.806	3.20324e-16	1.60111e-08	-7.99804e-09	1.72329e-13	3.52765e-07	2.18828e-07
22.0736	6.83706e-17	7.95848e-09	-2.24349e-09	4.78702e-14	1.90447e-07	1.07704e-07
22.3411	1.41325e-17	3.74521e-09	-3.25326e-10	1.29222e-14	1.01135e-07	5.19027e-08
22.6087	2.82949e-18	1.67353e-09	1.69687e-10	3.38977e-15	5.28334e-08	2.44621e-08
22.8763	5.488e-19	7.1024e-10	2.10614e-10	8.64108e-16	2.71538e-08	1.12595e-08
23.1438	1.03135e-19	2.85593e-10	1.46874e-10	2.14057e-16	1.37309e-08	5.05173e-09
23.4114	1.87829e-20	1.08169e-10	8.41565e-11	5.15295e-17	6.83184e-09	2.20352e-09
23.6789	3.31553e-21	3.81407e-11	4.31371e-11	1.20544e-17	3.3448e-09	9.30978e-10
23.9465	5.67354e-22	1.22259e-11	2.04422e-11	2.74032e-18	1.61145e-09	3.78886e-10
24.214	9.41324e-23	3.36936e-12	9.09834e-12	6.05367e-19	7.63994e-10	1.4724e-10
24.4816	1.5144e-23	6.62412e-13	3.83474e-12	1.29957e-19	3.56456e-10	5.3819e-11
24.7492	2.36265e-24	-1.84227e-14	1.53698e-12	2.71111e-20	1.63672e-10	1.79632e-11
25.0167	3.5765e-25	-1.15594e-13	5.86761e-13	5.49613e-21	7.39606e-11	5.09478e-12
25.2843	5.25454e-26	-8.40994e-14	2.13243e-13	1.08276e-21	3.28921e-11	9.29078e-13
25.5518	7.48811e-27	-4.55831e-14	7.35547e-14	2.07285e-22	1.43963e-11	-1.77069e-13
25.8194	1.0508e-27	-2.1764e-14	2.40234e-14	3.8563e-23	6.20124e-12	-3.27958e-13
26.087	1.54432e-28	-9.94735e-15	7.44861e-15	6.97167e-24	2.62889e-12	-2.46187e-13
26.3545	2.44164e-29	-4.47825e-15	2.08845e-15	1.2248e-24	1.0968e-12	-1.47759e-13
26.6221	3.31028e-30	-1.77416e-15	4.03281e-16	2.09103e-25	4.50337e-13	-7.9368e-14
26.8896	2.5177e-31	-4.994e-16	4.86788e-17	3.46911e-26	1.81968e-13	-3.97348e-14
27.1572	1.2199e-32	-1.03109e-16	3.95927e-17	5.59293e-27	7.23577e-14	-1.89024e-14
27.4247	3.57587e-33	3.94062e-17	-4.4978e-17	8.76245e-28	2.83135e-14	-8.63641e-15
27.6923	4.07228e-32	1.95047e-16	-5.17638e-17	1.33406e-28	1.0902e-14	-3.81479e-15
27.9599	3.25399e-32	1.04996e-16	1.46682e-16	1.97373e-29	4.13045e-15	-1.63606e-15
28.2274	1.62725e-31	-3.0356e-16	2.65661e-16	2.8377e-30	1.53973e-15	-6.83315e-16
28.495	3.75664e-31	-6.09678e-16	6.29018e-17	3.96468e-31	5.64704e-16	-2.78527e-16
28.7625	2.91776e-31	-4.74966e-16	-2.57261e-16	5.38286e-32	2.03747e-16	-1.10977e-16
29.0301	1.12711e-31	-8.03837e-17	-3.25959e-16	7.10204e-33	7.2313e-17	-4.32767e-17
29.2977	3.04147e-32	1.58242e-16	-7.33096e-17	9.10576e-34	2.52438e-17	-1.65327e-17
29.5652	5.66682e-32	7.93474e-17	2.24437e-16	1.13452e-34	8.66669e-18	-6.192e-18
29.8328	9.37185e-32	-1.15511e-16	2.83506e-16	1.37365e-35	2.92588e-18	-2.27502e-18
30.1003	3.65408e-32	-1.53991e-16	1.13259e-16	1.61622e-36	9.71169e-19	-8.20397e-19
30.3679	3.03027e-33	-1.21627e-17	-5.36874e-17	1.84795e-37	3.16877e-19	-2.90488e-19
30.6355	1.63842e-32	9.64082e-17	-8.41999e-17	2.05326e-38	1.01614e-19	-1.0103e-19
30.903	7.38323e-33	2.00057e-17	-8.35644e-17	2.21697e-39	3.2017e-20	-3.45237e-20
31.1706	5.47517e-32	-1.39194e-16	-1.88087e-16	2.32617e-40	9.90928e-21	-1.15941e-20
31.4381	1.44178e-31	-1.6794e-16	-3.4055e-16	2.37185e-41	3.01157e-21	-3.82739e-21
31.7057	1.31978e-31	1.29676e-18	-3.63286e-16	2.35015e-42	8.98371e-22	-1.24221e-21
31.9732	9.59046e-32	2.37055e-16	-1.99272e-16	2.26292e-43	2.62917e-22	-3.96442e-22
32.2408	1.34842e-31	3.67158e-16	6.10328e-18	2.11742e-44	7.54437e-23	-1.24428e-22
32.5084	1.11743e-31	3.2918e-16	5.81741e-17	1.92534e-45	2.12103e-23	-3.84117e-23
32.7759	4.34046e-32	1.82585e-16	-1.00336e-16	1.70127e-46	5.837e-24	-1.16643e-23
33.0435	1.24916e-31	3.10955e-17	-3.52064e-16	1.46084e-47	1.5705e-24	-3.48452e-24
33.311	2.65199e-31	-5.10365e-17	-5.12439e-16	1.21897e-48	4.12499e-25	-1.02412e-24
33.5786	2.18466e-31	-4.97542e-17	-4.64748e-16	9.88442e-50	1.05548e-25	-2.96148e-25
33.8462	5.10577e-32	-2.13209e-18	-2.2595e-16	7.78883e-51	2.62351e-26	-8.42647e-26
34.1137	7.91855e-33	3.78532e-17	8.05338e-17	5.96426e-52	6.30885e-27	-2.35929e-26
34.3813	9.69753e-32	3.61779e-17	3.093e-16	4.43819e-53	1.45874e-27	-6.5003e-27
34.6488	1.40096e-31	-5.65038e-18	3.74251e-16	3.20936e-54	3.21106e-28	-1.76246e-27
34.9164	8.22947e-32	-6.24535e-17	2.7999e-16	2.25525e-55	6.6117e-29	-4.7027e-28
35.1839	2.11461e-32	-1.08494e-16	9.6825e-17	1.54005e-56	1.22831e-29	-1.2349e-28
35.4515	2.55864e-32	-1.31727e-16	-9.07432e-17	1.02198e-57	1.87237e-30	-3.19135e-29
35.7191	6.83252e-32	-1.33293e-16	-2.24852e-16	6.59036e-59	1.46647e-31	-8.11678e-30
35.9866	9.65753e-32	-1.19942e-16	-2.86687e-16	4.12992e-60	-4.56652e-32	-2.03171e-30
36.2542	9.17157e-32	-9.83496e-17	-2.86432e-16	2.515e-61	-3.15786e-32	-5.00503e-31
36.5217	6.61939e-32	-7.3724e-17	-2.46493e-16	1.48833e-62	-1.261e-32	-1.21344e-31
36.7893	3.83105e-32	-5.02582e-17	-1.89168e-16	8.55901e-64	-4.20077e-33	-2.89526e-32
37.0569	1.81731e-32	-3.11021e-17	-1.31171e-16	4.78313e-65	-1.26962e-33	-6.79848e-33
37.3244	7.12757e-33	-1.77592e-17	-8.25359e-17	2.59755e-66	-3.59832e-34	-1.57101e-33
37.592	2.33768e-33	-9.87378e-18	-4.73307e-17	1.37082e-67	-9.72205e-35	-3.57254e-34
37.8595	6.64054e-34	-5.8401e-18	-2.50988e-17	7.03009e-69	-2.52771e-35	-7.99447e-35
38.1271	1.77281e-34	-3.81504e-18	-1.27564e-17	3.50353e-70	-6.36151e-36	-1.76035e-35
38.3946	4.88815e-35	-2.48613e-18	-6.53457e-18	1.69673e-71	-1.5558e-36	-3.81403e-36
38.6622	1.31623e-35	-1.29253e-18	-3.38994e-18	7.98521e-73	-3.70768e-37	-8.13051e-37
38.9298	2.45851e-36	-2.16927e-19	-1.55289e-18	3.65193e-74	-8.62717e-38	-1.70518e-37
39.1973	4.24811e-37	5.58236e-19	-3.36428e-19	1.62301e-75	-1.96292e-38	-3.51811e-38
39.4649	9.61026e-37	9.04347e-19	3.78395e-19	7.00949e-77	-4.37224e-39	-7.13992e-39
39.7324	1.05144e-36	8.36751e-19	5.92699e-19	2.94181e-78	-9.54254e-40	-1.42521e-39
40	3.93855e-37	4.8211e-19	4.01776e-19	1.19979e-79	-2.04219e-40	-2.79775e-40
