-40	8.19762e-35	-4.26579e-19	-9.04402e-18	1.0399e-198	-8.12531e-100	6.16196e-100
-39.7324	3.57778e-34	-4.49335e-18	-1.83736e-17	1.68456e-196	-7.09804e-99	1.08662e-98
-39.4649	9.92647e-34	-1.67329e-17	-2.66956e-17	2.6518e-194	-3.7967e-98	1.58356e-97
-39.1973	2.73351e-33	-4.24632e-17	-3.05023e-17	4.05659e-192	2.17115e-97	2.00236e-96
-38.9298	8.04362e-33	-8.65069e-17	-2.36681e-17	6.03039e-190	1.07108e-95	2.20979e-95
-38.6622	2.27201e-32	-1.50718e-16	2.01686e-18	8.71152e-188	2.10627e-94	2.06764e-94
-38.3946	5.62906e-32	-2.30901e-16	5.4546e-17	1.22294e-185	3.17458e-93	1.46678e-93
-38.1271	1.17809e-31	-3.14636e-16	1.37164e-16	1.66833e-183	4.06817e-92	3.6506e-93
-37.8595	2.04869e-31	-3.8229e-16	2.42329e-16	2.21168e-181	4.55216e-91	-1.18093e-91
-37.592	2.90951e-31	-4.13087e-16	3.46858e-16	2.84922e-179	4.41405e-90	-3.00139e-90
-37.3244	3.2693e-31	-3.95705e-16	4.12732e-16	3.56692e-177	3.52015e-89	-4.82471e-89
-37.0569	2.73014e-31	-3.38671e-16	3.9789e-16	4.33936e-175	1.86473e-88	-6.31794e-88
-36.7893	1.50902e-31	-2.72175e-16	2.77169e-16	5.13005e-173	-4.03204e-88	-7.15108e-87
-36.5217	5.91274e-32	-2.3419e-16	6.54405e-17	5.89361e-171	-2.98706e-86	-7.07202e-86
-36.2542	8.90544e-32	-2.43191e-16	-1.72953e-16	6.57968e-169	-5.48727e-85	-5.97383e-85
-35.9866	1.93703e-31	-2.74529e-16	-3.44001e-16	7.13826e-167	-7.47642e-84	-3.93519e-84
-35.7191	2.09943e-31	-2.65704e-16	-3.73289e-16	7.52566e-165	-8.58874e-83	-1.22067e-83
-35.4515	9.33906e-32	-1.62419e-16	-2.58864e-16	7.7101e-163	-8.60193e-82	1.7629e-82
-35.1839	7.57199e-33	1.91647e-17	-8.48805e-17	7.67608e-161	-7.48993e-81	4.54553e-81
-34.9164	3.05411e-32	1.72184e-16	2.98982e-17	7.42648e-159	-5.43218e-80	6.69001e-80
-34.6488	2.80751e-32	1.66132e-16	2.18031e-17	6.98218e-157	-2.77622e-79	7.88127e-79
-34.3813	5.13122e-33	-2.92956e-17	-6.53681e-17	6.37914e-155	3.70636e-80	7.98687e-78
-34.1137	9.29179e-32	-2.77911e-16	-1.25233e-16	5.66367e-153	2.56616e-77	7.07471e-77
-33.8462	1.47022e-31	-3.7036e-16	-9.92777e-17	4.88649e-151	4.45655e-76	5.38554e-76
-33.5786	5.41646e-32	-2.29874e-16	-3.6369e-17	4.09695e-149	5.50248e-75	3.26989e-75
-33.311	9.40841e-34	-2.14524e-17	-2.19234e-17	3.33801e-147	5.67044e-74	1.10738e-74
-33.0435	2.83618e-33	3.63256e-18	-5.31318e-17	2.64289e-145	5.08283e-73	-7.70588e-74
-32.7759	3.73017e-32	-1.90549e-16	-3.1512e-17	2.03346e-143	3.97072e-72	-2.13727e-72
-32.5084	1.1973e-31	-3.34516e-16	8.84797e-17	1.52039e-141	2.61097e-71	-2.89598e-71
-32.2408	6.27817e-32	-1.57726e-16	1.9469e-16	1.10468e-139	1.26475e-70	-3.07364e-70
-31.9732	7.59377e-32	2.30171e-16	1.51523e-16	7.79982e-138	1.31334e-70	-2.78973e-69
-31.7057	1.61819e-31	4.0132e-16	2.75972e-17	5.35175e-136	-6.75426e-69	-2.21259e-68
-31.4381	1.87207e-32	1.28728e-16	4.63667e-17	3.56838e-134	-1.12751e-67	-1.51562e-67
-31.1706	1.39093e-31	-2.91121e-16	2.33114e-16	2.31212e-132	-1.2653e-66	-8.43289e-67
-30.903	2.38107e-31	-4.04133e-16	2.73466e-16	1.45584e-130	-1.17068e-65	-2.92133e-66
-30.6355	4.15301e-32	-1.92816e-16	-6.59706e-17	8.908e-129	-9.39221e-65	9.30763e-66
-30.3679	2.30047e-31	-3.55434e-17	-4.78313e-16	5.29677e-127	-6.57816e-64	3.11376e-64
-30.1003	1.7871e-31	-8.15528e-17	-4.148e-16	3.0606e-125	-3.9118e-63	3.912e-63
-29.8328	1.63781e-32	-4.07358e-17	1.21321e-16	1.71856e-123	-1.77344e-62	3.74707e-62
-29.5652	2.93535e-31	2.44328e-16	4.83568e-16	9.37752e-122	-3.01837e-62	3.04736e-61
-29.2977	2.62835e-31	4.29758e-16	2.7954e-16	4.9725e-120	5.40007e-61	2.16354e-60
-29.0301	5.87454e-32	2.30722e-16	-7.42466e-17	2.56228e-118	8.87805e-60	1.33195e-59
-28.7625	3.48341e-33	-2.48869e-17	-5.35168e-17	1.28304e-116	9.08847e-59	6.76046e-59
-28.495	3.38356e-32	7.27097e-17	1.68964e-16	6.24338e-115	7.55734e-58	2.30658e-58
-28.2274	9.42044e-32	2.56716e-16	1.6823e-16	2.95231e-113	5.42749e-57	-2.55788e-58
-27.9599	7.96653e-33	4.25671e-17	7.84511e-17	1.35665e-111	3.40611e-56	-1.40176e-56
-27.6923	1.55942e-31	-3.25807e-16	2.23141e-16	6.05814e-110	1.82797e-55	-1.64823e-55
-27.4247	1.74048e-31	-2.33783e-16	3.45533e-16	2.6289e-108	7.68403e-55	-1.42775e-54
-27.1572	5.19187e-32	2.06853e-16	9.55533e-17	1.10859e-106	1.5777e-54	-1.04101e-53
-26.8896	1.5645e-31	3.66553e-16	-1.48625e-16	4.54292e-105	-1.29221e-53	-6.61509e-53
-26.6221	3.80149e-32	1.88954e-16	4.80748e-17	1.8091e-103	-2.17305e-52	-3.65634e-52
-26.3545	6.71796e-32	6.84818e-17	2.4998e-16	7.00088e-102	-2.03857e-51	-1.68675e-51
-26.087	1.20676e-34	-8.22875e-18	7.27763e-18	2.63273e-100	-1.52536e-50	-5.53194e-51
-25.8194	5.85274e-32	-1.60607e-16	-1.80922e-16	9.62112e-99	-9.80862e-50	-4.50227e-52
-25.5518	1.02887e-32	-8.10918e-17	6.09331e-17	3.41671e-97	-5.51311e-49	1.94234e-49
-25.2843	6.98414e-32	2.09407e-16	1.61215e-16	1.17911e-95	-2.6656e-48	2.16465e-48
-25.0167	1.49791e-32	1.1808e-16	-3.21892e-17	3.95425e-94	-1.0316e-47	1.70002e-47
-24.7492	1.00263e-31	-2.48566e-16	1.96158e-16	1.28866e-92	-2.27856e-47	1.11209e-46
-24.4816	4.81003e-31	-1.55899e-16	6.75795e-16	4.0811e-91	8.99229e-47	6.32474e-46
-24.214	2.36482e-31	1.47889e-16	4.63261e-16	1.25597e-89	1.65083e-45	3.136e-45
-23.9465	9.13209e-33	-2.19774e-17	-9.30004e-17	3.75617e-88	1.42739e-44	1.311e-44
-23.6789	5.79177e-32	-2.14769e-16	-1.08591e-16	1.09163e-86	9.62499e-44	4.06481e-44
-23.4114	9.97232e-33	-6.38891e-17	-7.67496e-17	3.08297e-85	5.54366e-43	3.12292e-44
-23.1438	2.07044e-31	-2.55692e-16	-3.76385e-16	8.46112e-84	2.78978e-42	-8.23551e-43
-22.8763	3.652e-31	-5.68221e-16	-2.05732e-16	2.25658e-82	1.21348e-41	-8.8546e-42
-22.6087	5.27541e-32	-1.10458e-16	2.01378e-16	5.84839e-81	4.29977e-41	-6.32423e-41
-22.3411	1.04602e-31	3.05653e-16	-1.05729e-16	1.47294e-79	9.63548e-41	-3.71497e-40
-22.0736	1.30954e-31	-4.22984e-18	-3.61851e-16	3.60496e-78	-1.69792e-40	-1.89107e-39
-21.806	6.12765e-32	2.33325e-16	8.26793e-17	8.57389e-77	-3.88416e-39	-8.40549e-39
-21.5385	7.91627e-31	8.75981e-16	1.55835e-16	1.98162e-75	-3.1186e-38	-3.17655e-38
-21.2709	9.56793e-32	2.86991e-16	-1.15393e-16	4.45067e-74	-1.89846e-37	-9.20062e-38
-21.0033	3.31203e-31	-5.44581e-16	1.86104e-16	9.71394e-73	-9.79856e-37	-1.06195e-37
-20.7358	1.98171e-31	-2.19772e-16	3.87132e-16	2.06029e-71	-4.4139e-36	1.0585e-36
-20.4682	4.86514e-32	-6.75834e-17	2.09962e-16	4.24646e-70	-1.72517e-35	1.12705e-35
-20.2007	2.54636e-31	-4.42797e-16	2.42007e-16	8.50529e-69	-5.57234e-35	7.34859e-35
-19.9331	6.6693e-32	-2.28808e-16	-1.19749e-16	1.65544e-67	-1.22359e-34	3.88037e-34
-19.6656	2.45485e-31	6.56178e-17	-4.911e-16	3.13115e-66	6.69824e-35	1.76824e-33
-19.398	1.8238e-32	1.12103e-16	7.53058e-17	5.75517e-65	2.82226e-33	7.04177e-33
-19.1304	7.46943e-32	2.52188e-16	1.05336e-16	1.02796e-63	2.12495e-32	2.40087e-32
-18.8629	2.81567e-31	1.8183e-16	-4.98502e-16	1.78426e-62	1.17034e-31	6.43869e-32
-18.5953	1.71786e-31	3.94287e-16	-1.27764e-16	3.00956e-61	5.41619e-31	8.72064e-32
-18.3278	2.47167e-31	4.84754e-16	1.10365e-16	4.93301e-60	2.18368e-30	-4.05676e-31
-18.0602	2.08864e-31	-3.8613e-16	-2.44474e-16	7.85752e-59	7.66153e-30	-4.45826e-30
-17.7926	2.0757e-31	-4.2953e-16	-1.51902e-16	1.21625e-57	2.24794e-29	-2.66632e-29
-17.5251	5.01992e-32	1.83004e-16	-1.29262e-16	1.82947e-56	4.72861e-29	-1.26723e-28
-17.2575	3.58023e-32	-1.6082e-16	9.96953e-17	2.67417e-55	7.14679e-30	-5.17075e-28
-16.99	5.6895e-32	-7.09235e-17	2.27739e-16	3.79856e-54	-6.30639e-28	-1.84414e-27
-16.7224	7.86085e-32	7.83989e-17	-2.69188e-16	5.24339e-53	-4.51266e-27	-5.66302e-27
-16.4548	1.92305e-31	-3.34795e-16	2.83228e-16	7.03347e-52	-2.25449e-26	-1.39669e-26
-16.1873	3.17771e-31	2.86932e-17	5.62981e-16	9.16834e-51	-9.36214e-26	-2.00843e-26
-15.9197	1.02228e-31	8.26149e-17	-3.08873e-16	1.16138e-49	-3.37826e-25	4.48536e-26
-15.6522	8.31411e-33	4.63406e-17	-7.8528e-17	1.42963e-48	-1.06313e-24	5.4717e-25
-15.3846	1.35439e-31	3.59072e-16	8.06628e-17	1.71017e-47	-2.82536e-24	3.01977e-24
-15.1171	7.23192e-32	-2.15489e-16	-1.60884e-16	1.988e-46	-5.60508e-24	1.29376e-23
-14.8495	4.48881e-32	-1.11448e-16	1.80187e-16	2.24572e-45	-3.10196e-24	4.72874e-23
-14.5819	1.14971e-31	3.37666e-16	3.08706e-17	2.46525e-44	4.30617e-23	1.50991e-22
-14.3144	3.19516e-33	6.84483e-18	5.61098e-17	2.62985e-43	2.98443e-22	4.17033e-22
-14.0468	8.07067e-32	2.11366e-16	1.89819e-16	2.72624e-42	1.35681e-21	9.40907e-22
-13.7793	1.70701e-31	3.42305e-16	-2.3136e-16	2.74638e-41	5.06038e-21	1.36248e-21
-13.5117	2.55507e-31	-7.6082e-17	-4.99718e-16	2.68857e-40	1.6344e-20	-1.31551e-21
-13.2441	2.53237e-31	-2.45733e-16	-4.39149e-16	2.55768e-39	4.61028e-20	-2.07898e-20
-12.9766	3.08309e-31	-9.24173e-17	-5.47511e-16	2.36448e-38	1.10717e-19	-1.06708e-19
-12.709	8.65386e-31	-4.40053e-16	-8.19597e-16	2.12416e-37	2.04821e-19	-4.12874e-19
-12.4415	4.44324e-31	-4.75361e-16	-4.67285e-16	1.8544e-36	1.59217e-19	-1.35243e-18
-12.1739	1.40125e-31	1.53981e-16	-3.41196e-16	1.5732e-35	-8.89311e-19	-3.86538e-18
-11.9064	7.7403e-32	-2.54278e-16	1.12896e-16	1.29697e-34	-6.14039e-18	-9.59128e-18
-11.6388	7.99312e-31	-6.56396e-16	6.07006e-16	1.03905e-33	-2.55041e-17	-1.97128e-17
-11.3712	3.01177e-31	-5.36286e-16	-1.16511e-16	8.0893e-33	-8.55237e-17	-2.78386e-17
-11.1037	1.98234e-32	-3.61597e-17	1.36073e-16	6.11995e-32	-2.47284e-16	7.08221e-18
-10.8361	4.52904e-31	1.06791e-16	6.64455e-16	4.49933e-31	-6.24902e-16	2.43783e-16
-10.5686	2.41573e-31	-3.74255e-16	3.186e-16	3.21449e-30	-1.35348e-15	1.17583e-15
-10.301	8.05677e-32	-1.37591e-16	2.48267e-16	2.23173e-29	-2.31525e-15	4.11788e-15
-10.0334	3.05025e-31	-2.43585e-16	4.95672e-16	1.50568e-28	-2.06232e-15	1.20961e-14
-9.76589	6.81278e-31	-5.0588e-17	-8.23844e-16	9.87165e-28	5.45338e-15	3.09423e-14
-9.49833	1.98412e-29	1.91861e-15	-4.01996e-15	6.28942e-27	3.92523e-14	6.89106e-14
-9.23077	1.78856e-28	8.46544e-15	-1.03534e-14	3.89399e-26	1.49688e-13	1.28582e-13
-8.96321	1.39025e-27	3.04613e-14	-2.15024e-14	2.34284e-25	4.51905e-13	1.73395e-13
-8.69565	9.87904e-27	9.55387e-14	-2.74116e-14	1.36979e-24	1.17007e-12	2.69765e-14
-8.42809	6.57639e-26	2.56202e-13	1.11612e-14	7.78272e-24	2.64789e-12	-8.78283e-13
-8.16054	4.20306e-25	6.06221e-13	2.29787e-13	4.29706e-23	5.16407e-12	-4.03769e-12
-7.89298	2.62007e-24	1.25723e-12	1.01954e-12	2.30556e-22	8.11539e-12	-1.28334e-11
-7.62542	1.58769e-23	2.15057e-12	3.35438e-12	1.20211e-21	7.5851e-12	-3.38316e-11
-7.35786	9.34927e-23	2.40028e-12	9.3665e-12	6.09082e-21	-9.55726e-12	-7.74563e-11
-7.0903	5.3544e-22	-1.58908e-12	2.30849e-11	2.99897e-20	-7.78247e-11	-1.54703e-10
-6.82274	2.98254e-21	-2.06995e-11	5.05378e-11	1.43493e-19	-2.74211e-10	-2.61346e-10
-6.55518	1.61573e-20	-8.27885e-11	9.64542e-11	6.672e-19	-7.46478e-10	-3.31619e-10
-6.28763	8.51178e-20	-2.5019e-10	1.50076e-10	3.0147e-18	-1.73144e-09	-1.29641e-10
-6.02007	4.36e-19	-6.4462e-10	1.43055e-10	1.32372e-17	-3.50785e-09	9.65497e-10
-5.75251	2.17127e-18	-1.4655e-09	-1.53556e-10	5.64822e-17	-6.1518e-09	4.31713e-09
-5.48495	1.0511e-17	-2.94941e-09	-1.34609e-09	2.34203e-16	-8.83661e-09	1.24947e-08
-5.21739	4.94559e-17	-5.13119e-09	-4.80903e-09	9.43704e-16	-8.26017e-09	2.95884e-08
-4.94983	2.26138e-16	-7.10049e-09	-1.3256e-08	3.69525e-15	4.31752e-09	6.0635e-08
-4.68227	1.00472e-15	-5.18773e-09	-3.12699e-08	1.4061e-14	4.77456e-08	1.08542e-07
-4.41472	4.3367e-15	1.07751e-08	-6.49661e-08	5.19937e-14	1.56713e-07	1.65634e-07
-4.14716	1.8182e-14	6.40117e-08	-1.18678e-07	1.86832e-13	3.85422e-07	1.95656e-07
-3.8796	7.40309e-14	2.00147e-07	-1.84315e-07	6.524e-13	8.01267e-07	1.01838e-07
-3.61204	2.92678e-13	4.96028e-07	-2.15948e-07	2.21382e-12	1.45303e-06	-3.20206e-07
-3.34448	1.12326e-12	1.05685e-06	-7.95793e-08	7.30018e-12	2.28886e-06	-1.43573e-06
-3.07692	4.18406e-12	1.97558e-06	5.30224e-07	2.33932e-11	2.99303e-06	-3.79933e-06
-2.80936	1.5123e-11	3.20611e-06	2.20087e-06	7.28465e-11	2.71658e-06	-8.09115e-06
-2.54181	5.3027e-11	4.27689e-06	5.89366e-06	2.20441e-10	-2.88042e-07	-1.48445e-05
-2.27425	1.8033e-10	3.76413e-06	1.28904e-05	6.48245e-10	-9.03403e-06	-2.3804e-05
-2.00669	5.94616e-10	-1.50554e-06	2.43382e-05	1.85247e-09	-2.79259e-05	-3.27508e-05
-1.73913	1.90056e-09	-1.73774e-05	3.99823e-05	5.1443e-09	-6.21924e-05	-3.57268e-05
-1.47157	5.88675e-09	-5.28914e-05	5.5581e-05	1.38824e-08	-0.00011596	-2.08739e-05
-1.20401	1.7664e-08	-0.00011926	5.86611e-05	3.64057e-08	-0.000188204	3.13815e-05
-0.936455	5.13314e-08	-0.000225397	2.29711e-05	9.27761e-08	-0.000266047	0.000148308
-0.668896	1.44416e-07	-0.000367584	-9.64278e-05	2.29756e-07	-0.000315676	0.000360701
-0.401338	3.93224e-07	-0.000511367	-0.000362943	5.52921e-07	-0.000272774	0.000691748
-0.133779	1.03586e-06	-0.00056647	-0.00084556	1.29307e-06	-3.67025e-05	0.00113654
0.133779	2.63902e-06	-0.000361411	-0.00158379	2.93863e-06	0.000524644	0.00163199
0.401338	6.49985e-06	0.000366286	-0.00252303	6.48981e-06	0.00155056	0.00202128
0.668896	1.54711e-05	0.00193829	-0.00342259	1.39278e-05	0.0031357	0.00202366
0.936455	3.55738e-05	0.00463089	-0.00375882	2.90468e-05	0.00524785	0.00122756
1.20401	7.89892e-05	0.00847573	-0.00267416	5.88677e-05	0.00762313	-0.000869253
1.47157	0.000169305	0.012977	0.000949446	0.000115937	0.0096631	-0.00474985
1.73913	0.000350168	0.0168167	0.00820784	0.000221885	0.010376	-0.0106875
2.00669	0.000698614	0.0176935	0.0196355	0.000412665	0.00841829	-0.0184878
2.27425	0.00134401	0.0125002	0.0344639	0.000745818	0.00229038	-0.0272135
2.54181	0.00249253	-0.00197476	0.0498862	0.00130988	-0.00928187	-0.0349818
2.80936	0.00445473	-0.0277613	0.0606963	0.0022356	-0.026802	-0.0389519
3.07692	0.0076707	-0.0640432	0.0597425	0.00370784	-0.0493886	-0.0356175
3.34448	0.0127227	-0.105646	0.0395164	0.00597602	-0.0742627	-0.0214727
3.61204	0.0203223	-0.142463	-0.00516187	0.00935981	-0.0965611	0.00598036
3.8796	0.0312565	-0.160582	-0.0739585	0.0142458	-0.109692	0.0470478
4.14716	0.0462837	-0.145499	-0.158473	0.0210702	-0.106357	0.0987844
4.41472	0.065977	-0.086969	-0.241689	0.0302841	-0.0802016	0.15444
4.68227	0.0905327	0.0158255	-0.30047	0.0422985	-0.0278129	0.203777
4.94983	0.119578	0.150779	-0.311197	0.0574116	0.0494034	0.234459
5.21739	0.152029	0.292956	-0.257305	0.0757248	0.144068	0.234455
5.48495	0.186053	0.409225	-0.136338	0.0970601	0.242938	0.195042
5.75251	0.21918	0.46676	0.0362609	0.120895	0.328581	0.113706
6.02007	0.248568	0.443023	0.22869	0.146331	0.382513	-0.00389065
6.28763	0.271398	0.333836	0.399938	0.17212	0.389222	-0.14362
6.55518	0.285314	0.156455	0.510721	0.196739	0.340155	-0.284663
6.82274	0.288832	-0.0539028	0.534721	0.218531	0.236588	-0.403184
7.0903	0.281596	-0.25325	0.466327	0.235884	0.0904522	-0.477182
7.35786	0.264439	-0.400808	0.322168	0.247428	-0.0772789	-0.491382
7.62542	0.239224	-0.469821	0.135984	0.252211	-0.240468	-0.440892
7.89298	0.208511	-0.453742	-0.0512823	0.249828	-0.373072	-0.332634
8.16054	0.175134	-0.366111	-0.202723	0.240483	-0.454523	-0.184096
8.42809	0.141775	-0.234755	-0.294388	0.224952	-0.473882	-0.0196834
8.69565	0.110633	-0.0927382	-0.319426	0.204484	-0.43176	0.134416
8.96321	0.0832354	0.0307136	-0.286866	0.180632	-0.339589	0.25556
9.23077	0.0603867	0.116605	-0.21631	0.155057	-0.216567	0.328871
9.49833	0.0422536	0.158511	-0.130874	0.129346	-0.0851453	0.349423
9.76589	0.0285201	0.161055	-0.0508077	0.104853	0.0337145	0.32205
10.0334	0.0185731	0.135876	0.0105295	0.082598	0.124395	0.259083
10.301	0.0116718	0.0968762	0.0478209	0.06323	0.178791	0.176816
10.5686	0.00707941	0.0562878	0.0625387	0.0470372	0.196543	0.0916944
10.8361	0.00414511	0.022394	0.0603624	0.0340035	0.1836	0.0171605
11.1037	0.00234334	-0.000990448	0.0483979	0.0238874	0.149746	-0.0382567
11.3712	0.0012793	-0.0137391	0.0330232	0.0163072	0.105865	-0.0714127
11.6388	0.000674568	-0.0180075	0.0187162	0.0108181	0.0616147	-0.083796
11.9064	0.000343617	-0.0168118	0.00780892	0.00697413	0.0239362	-0.0800074
12.1739	0.00016912	-0.0129754	0.000870731	0.0043691	-0.00347678	-0.0660076
12.4415	8.04391e-05	-0.00857145	-0.00263996	0.00265985	-0.0198911	-0.0475836
12.709	3.69798e-05	-0.00479477	-0.00374032	0.00157357	-0.0267265	-0.0293133
12.9766	1.64349e-05	-0.00210762	-0.00346306	0.000904649	-0.0265637	-0.0141075
13.2441	7.06229e-06	-0.000494696	-0.00261105	0.000505403	-0.0222456	-0.00324568
13.5117	2.93481e-06	0.000289976	-0.00168841	0.000274384	-0.0162395	0.0032656
13.7793	1.17962e-06	0.000544606	-0.000939693	0.000144759	-0.0103086	0.00620409
14.0468	4.58677e-07	0.000521228	-0.000432434	7.42154e-05	-0.00545508	0.00666764
14.3144	1.72563e-07	0.000391382	-0.000139224	3.69749e-05	-0.00204149	0.00572776
14.5819	6.2826e-08	0.000250645	1.70989e-06	1.79013e-05	3.97842e-06	0.00423099
14.8495	2.21387e-08	0.000139607	5.14657e-05	8.42221e-06	0.00097947	0.00273182
15.1171	7.55196e-09	6.66155e-05	5.58063e-05	3.85062e-06	0.00124542	0.00151643
15.3846	2.4942e-09	2.53145e-05	4.30509e-05	1.7108e-06	0.00112194	0.000672351
15.6522	7.977e-10	5.3866e-06	2.77252e-05	7.38641e-07	0.000842893	0.000167849
15.9197	2.47089e-10	-2.27938e-06	1.55529e-05	3.09906e-07	0.000550708	-8.14073e-05
16.1873	7.41384e-11	-3.98131e-06	7.63463e-06	1.26355e-07	0.000313624	-0.000167317
16.4548	2.15515e-11	-3.37387e-06	3.1888e-06	5.0063e-08	0.000150438	-0.000165624
16.7224	6.07051e-12	-2.24307e-06	1.01938e-06	1.92755e-08	5.33057e-05	-0.000128195
16.99	1.65712e-12	-1.2811e-06	1.26163e-07	7.21205e-09	4.30746e-06	-8.48145e-05
17.2575	4.38463e-13	-6.45034e-07	-1.49648e-07	2.62226e-09	-1.47696e-05	-4.90318e-05
17.5251	1.12468e-13	-2.85581e-07	-1.75815e-07	9.26524e-10	-1.80778e-05	-2.44891e-05
17.7926	2.79707e-14	-1.07401e-07	-1.28202e-07	3.18128e-10	-1.48052e-05	-9.94659e-06
18.0602	6.74573e-15	-3.03105e-08	-7.63348e-08	1.06148e-10	-9.98697e-06	-2.53145e-06
18.3278	1.57786e-15	-2.41647e-09	-3.96487e-08	3.44178e-11	-5.84017e-06	5.56944e-07
18.5953	3.58002e-16	4.7542e-09	-1.83139e-08	1.08448e-11	-2.98171e-06	1.39791e-06
18.8629	7.88037e-17	4.76499e-09	-7.4899e-09	3.32063e-12	-1.29326e-06	1.28379e-06
19.1304	1.68312e-17	3.15412e-09	-2.62349e-09	9.88066e-13	-4.28554e-07	8.96887e-07
19.398	3.48863e-18	1.73059e-09	-7.02621e-10	2.85703e-13	-5.46526e-08	5.3171e-07
19.6656	7.01823e-19	8.35086e-10	-6.67399e-11	8.028e-14	6.75967e-08	2.75156e-07
19.9331	1.37056e-19	3.60965e-10	8.22165e-11	2.19212e-14	8.16612e-08	1.23501e-07
20.2007	2.59854e-20	1.39455e-10	8.08559e-11	5.8168e-15	6.10257e-08	4.57457e-08
20.4682	4.7839e-21	4.69476e-11	5.07919e-11	1.49992e-15	3.69999e-08	1.14426e-08
20.7358	8.55277e-22	1.26943e-11	2.63464e-11	3.75852e-16	1.93687e-08	-8.40996e-10
21.0033	1.48523e-22	1.87044e-12	1.20426e-11	9.15229e-17	8.86028e-09	-3.6081e-09
21.2709	2.50559e-23	-6.91789e-13	4.95755e-12	2.16574e-17	3.46773e-09	-3.10358e-09
21.5385	4.10552e-24	-8.43166e-13	1.84244e-12	4.9802e-18	1.06487e-09	-1.96118e-09
21.806	6.53356e-25	-5.3124e-13	6.09212e-13	1.11289e-18	1.61933e-10	-1.04243e-09
22.0736	1.00986e-25	-2.67863e-13	1.70983e-13	2.41668e-19	-9.24627e-11	-4.82824e-10
22.3411	1.51937e-26	-1.18412e-13	3.42395e-14	5.09979e-20	-1.14657e-10	-1.94555e-10
22.6087	2.22445e-27	-4.71641e-14	-4.20307e-17	1.0458e-20	-7.85486e-11	-6.54836e-11
22.8763	3.05456e-28	-1.69081e-14	-4.42392e-15	2.08405e-21	-4.28584e-11	-1.57229e-11
23.1438	4.18906e-29	-5.62058e-15	-3.20931e-15	4.03583e-22	-2.00887e-11	-1.66545e-13
23.4114	8.62513e-30	-1.94981e-15	-2.19622e-15	7.59488e-23	-8.23031e-12	2.86545e-12
23.6789	1.6563e-30	-5.7586e-16	-1.15095e-15	1.38891e-23	-2.90171e-12	2.33862e-12
23.9465	2.94905e-32	7.49196e-17	-1.54524e-16	2.46825e-24	-8.19993e-13	1.3401e-12
24.214	2.74067e-32	1.55577e-16	5.65902e-17	4.26255e-25	-1.33413e-13	6.39106e-13
24.4816	1.75128e-32	3.32506e-17	-1.28091e-16	7.15341e-26	3.66676e-14	2.64933e-13
24.7492	1.97598e-34	-1.37232e-17	-3.04486e-18	1.1666e-26	4.99581e-14	9.5761e-14
25.0167	2.72649e-32	-1.40877e-16	8.61308e-17	1.84881e-27	3.15599e-14	2.92025e-14
25.2843	1.3484e-31	-2.94247e-16	-2.19679e-16	2.84727e-28	1.55201e-14	6.6222e-15
25.5518	1.56221e-31	-2.07573e-16	-3.36355e-16	4.26117e-29	6.51603e-15	3.9126e-16
25.8194	8.8995e-33	-5.39166e-17	7.74112e-17	6.19717e-30	2.39014e-15	-6.95972e-16
26.087	1.66144e-31	-1.66745e-16	3.71941e-16	8.75832e-31	7.5803e-16	-5.48837e-16
26.3545	1.19345e-31	-3.38364e-16	6.96755e-17	1.20285e-31	1.96059e-16	-2.86088e-16
26.6221	1.641e-31	-1.64771e-16	-3.70069e-16	1.60535e-32	3.22637e-17	-1.22526e-16
26.8896	2.06819e-31	1.86879e-16	-4.14603e-16	2.08204e-33	-3.91229e-18	-4.54613e-17
27.1572	9.67125e-32	2.09165e-16	-2.30136e-16	2.62405e-34	-6.74062e-18	-1.47299e-17
27.4247	6.72431e-32	-1.33115e-16	-2.22539e-16	3.21381e-35	-3.95655e-18	-4.06002e-18
27.6923	2.8684e-31	-3.80884e-16	-3.7652e-16	3.825e-36	-1.7568e-18	-8.59449e-19
27.9599	2.57466e-31	-2.98983e-16	-4.0997e-16	4.42392e-37	-6.60983e-19	-7.41119e-20
28.2274	9.14698e-32	-1.30569e-16	-2.72803e-16	4.97218e-38	-2.17027e-19	5.11969e-20
28.495	3.48637e-32	-1.01904e-16	-1.56459e-16	5.43063e-39	-6.18429e-20	4.0076e-20
28.7625	2.53296e-32	-8.74174e-17	-1.32996e-16	5.76392e-40	-1.45768e-20	1.90764e-20
29.0301	1.31615e-32	9.08002e-17	-7.01199e-17	5.94496e-41	-2.34595e-21	7.3448e-21
29.2977	1.0951e-31	3.16163e-16	9.77258e-17	5.9586e-42	8.33754e-23	2.4396e-21
29.5652	1.56409e-31	3.23991e-16	2.26801e-16	5.80369e-43	2.80795e-22	7.08183e-22
29.8328	3.09869e-32	6.48014e-17	1.6367e-16	5.49322e-44	1.54687e-22	1.7608e-22
30.1003	5.5173e-32	-2.32819e-16	-3.11169e-17	5.0526e-45	6.21515e-23	3.44933e-23
30.3679	1.27292e-31	-3.26252e-16	-1.44401e-16	4.51613e-46	2.09683e-23	3.45577e-24
30.6355	3.95645e-32	-1.91382e-16	-5.41968e-17	3.92267e-47	6.16195e-24	-1.12118e-24
30.903	2.20725e-32	4.1608e-18	1.4851e-16	3.31101e-48	1.5761e-24	-9.09347e-25
31.1706	8.41992e-32	9.18894e-17	2.75237e-16	2.71584e-49	3.37384e-25	-3.97185e-25
31.4381	5.7245e-32	3.88074e-17	2.36091e-16	2.16477e-50	5.19468e-26	-1.37656e-25
31.7057	1.64007e-32	-7.03835e-17	1.0699e-16	1.6768e-51	7.17424e-28	-4.09425e-26
31.9732	1.96623e-32	-1.3779e-16	2.60027e-17	1.26217e-52	-3.59585e-27	-1.06436e-26
32.2408	1.87704e-32	-1.2708e-16	5.11955e-17	9.23243e-54	-1.88478e-27	-2.38328e-27
32.5084	1.86175e-32	-6.21558e-17	1.21467e-16	6.56265e-55	-6.87073e-28	-4.2918e-28
32.7759	1.819e-32	1.55828e-17	1.33967e-16	4.53321e-56	-2.0801e-28	-4.54296e-29
33.0435	8.36871e-33	8.06009e-17	4.3269e-17	3.04297e-57	-5.47097e-29	7.05797e-30
33.311	2.77828e-32	1.28527e-16	-1.06131e-16	1.98496e-58	-1.25508e-29	6.40102e-30
33.5786	7.66058e-32	1.64018e-16	-2.22943e-16	1.25826e-59	-2.43305e-30	2.58125e-30
33.8462	9.14309e-32	1.88037e-16	-2.36797e-16	7.75093e-61	-3.52973e-31	8.06538e-31
34.1137	5.68387e-32	1.94104e-16	-1.38428e-16	4.63982e-62	-1.48949e-32	2.14887e-31
34.3813	3.08399e-32	1.73819e-16	2.50362e-17	2.69905e-63	1.40635e-32	5.00127e-32
34.6488	4.97025e-32	1.25276e-16	1.84413e-16	1.52576e-64	7.1513e-33	1.00715e-32
34.9164	8.4604e-32	5.69738e-17	2.85233e-16	8.38156e-66	2.37291e-33	1.65858e-33
35.1839	9.45873e-32	-1.5443e-17	3.07162e-16	4.47433e-67	6.45254e-34	1.76294e-34
35.4515	7.45203e-32	-7.6303e-17	2.62103e-16	2.3211e-68	1.51905e-34	-1.16611e-35
35.7191	4.55741e-32	-1.15726e-16	1.79392e-16	1.17011e-69	3.12347e-35	-1.39463e-35
35.9866	2.53181e-32	-1.3144e-16	8.96746e-17	5.73218e-71	5.47077e-36	-5.23378e-36
36.2542	1.64019e-32	-1.27218e-16	1.47462e-17	2.72884e-72	7.39594e-37	-1.47711e-36
36.5217	1.33368e-32	-1.09934e-16	-3.53741e-17	1.26241e-73	4.28475e-38	-3.52711e-37
36.7893	1.11895e-32	-8.68089e-17	-6.04459e-17	5.67528e-75	-1.66192e-38	-7.34784e-38
37.0569	8.39854e-33	-6.35649e-17	-6.60155e-17	2.47935e-76	-8.44072e-39	-1.32924e-38
37.3244	5.44894e-33	-4.36472e-17	-5.95303e-17	1.05257e-77	-2.55959e-39	-1.99355e-39
37.592	3.07359e-33	-2.83611e-17	-4.76365e-17	4.34241e-79	-6.2585e-40	-2.06283e-40
37.8595	1.52804e-33	-1.75494e-17	-3.49294e-17	1.7409e-80	-1.31902e-40	3.28925e-42
38.1271	6.77515e-34	-1.03671e-17	-2.38754e-17	6.78233e-82	-2.42969e-41	9.37514e-42
38.3946	2.69974e-34	-5.84183e-18	-1.53573e-17	2.56773e-83	-3.83761e-42	3.30908e-42
38.6622	9.71099e-35	-3.1388e-18	-9.34119e-18	9.44678e-85	-4.79474e-43	8.45448e-43
38.9298	3.16555e-35	-1.62055e-18	-5.38789e-18	3.3774e-86	-3.15575e-44	1.81047e-43
39.1973	9.40389e-36	-8.23282e-19	-2.954e-18	1.17339e-87	5.8207e-45	3.37567e-44
39.4649	2.55087e-36	-4.24825e-19	-1.53961e-18	3.9616e-89	3.09501e-45	5.48059e-45
39.7324	6.08942e-37	-2.20149e-19	-7.4865e-19	1.29975e-90	8.62053e-46	7.46067e-46
40	9.87747e-38	-9.61467e-20	-2.99216e-19	4.14395e-92	1.89786e-46	7.36271e-47
