-40	8.83257e-39	-9.38961e-20	-4.01177e-21	1.80563e-116	-4.48189e-59	-1.26679e-58
-39.7324	4.88523e-38	-2.19737e-19	2.38311e-20	8.76428e-115	-6.96801e-58	-6.25218e-58
-39.4649	1.77551e-37	-3.99693e-19	1.33402e-19	4.13399e-113	-6.25755e-57	-1.47749e-57
-39.1973	5.6691e-37	-6.35475e-19	4.03834e-19	1.8949e-111	-4.19815e-56	1.15089e-56
-38.9298	1.6756e-36	-8.85288e-19	9.44383e-19	8.44046e-110	-2.09175e-55	2.01619e-55
-38.6622	4.57789e-36	-1.03204e-18	1.87424e-18	3.65352e-108	-5.72807e-55	1.82357e-54
-38.3946	1.14048e-35	-8.54522e-19	3.2672e-18	1.53681e-106	2.4031e-54	1.21617e-53
-38.1271	2.54945e-35	-2.51204e-20	5.04915e-18	6.28191e-105	5.07268e-53	6.08992e-53
-37.8595	5.02321e-35	1.82991e-18	6.84715e-18	2.49533e-103	4.64482e-52	1.8382e-52
-37.592	8.56522e-35	4.96136e-18	7.81262e-18	9.63227e-102	3.0803e-51	-3.79539e-52
-37.3244	1.26218e-34	9.17325e-18	6.48612e-18	3.61321e-100	1.54481e-50	-1.1076e-50
-37.0569	1.78436e-34	1.33312e-17	8.46132e-19	1.31711e-98	4.98493e-50	-1.03374e-49
-36.7893	3.45151e-34	1.48017e-17	-1.12277e-17	4.66567e-97	-3.42144e-50	-6.822e-49
-36.5217	1.03474e-33	9.16048e-18	-3.08355e-17	1.60609e-95	-2.09318e-48	-3.41753e-48
-36.2542	3.25412e-33	-9.18157e-18	-5.63012e-17	5.37267e-94	-2.00943e-47	-1.15536e-47
-35.9866	8.64153e-33	-4.47051e-17	-8.15045e-17	1.74652e-92	-1.32123e-46	-2.95676e-48
-35.7191	1.8593e-32	-9.68464e-17	-9.59885e-17	5.51725e-91	-6.59849e-46	3.41064e-46
-35.4515	3.22915e-32	-1.56216e-16	-8.88151e-17	1.69369e-89	-2.30435e-45	3.40982e-45
-35.1839	4.51558e-32	-2.04897e-16	-5.63315e-17	5.05256e-88	-2.12908e-45	2.23768e-44
-34.9164	5.05259e-32	-2.24568e-16	-9.7472e-18	1.46471e-86	4.7639e-44	1.11255e-43
-34.6488	4.5193e-32	-2.11051e-16	2.55045e-17	4.12625e-85	5.04775e-43	3.97275e-43
-34.3813	3.48236e-32	-1.85002e-16	2.44521e-17	1.1296e-83	3.31399e-42	5.59824e-43
-34.1137	3.41171e-32	-1.84129e-16	-1.46165e-17	3.00508e-82	1.6388e-41	-5.65159e-42
-33.8462	5.7818e-32	-2.32954e-16	-5.95854e-17	7.76875e-81	5.93846e-41	-6.51324e-41
-33.5786	1.01018e-31	-3.1093e-16	-6.58808e-17	1.95169e-79	1.04941e-40	-4.29135e-40
-33.311	1.27237e-31	-3.56018e-16	-2.21053e-17	4.7647e-78	-5.60323e-40	-2.10968e-39
-33.0435	1.0237e-31	-3.19056e-16	2.39395e-17	1.13038e-76	-7.31715e-39	-7.71342e-39
-32.7759	5.15776e-32	-2.27095e-16	2.36218e-18	2.606e-75	-4.85794e-38	-1.56857e-38
-32.5084	4.11373e-32	-1.78539e-16	-9.62347e-17	5.83836e-74	-2.37409e-37	4.49492e-38
-32.2408	9.2473e-32	-2.43697e-16	-1.81892e-16	1.27107e-72	-8.71985e-37	7.14643e-37
-31.9732	1.4938e-31	-3.5917e-16	-1.42748e-16	2.68914e-71	-1.9466e-36	4.80647e-36
-31.7057	1.2548e-31	-3.53806e-16	1.73714e-17	5.52868e-70	2.68944e-36	2.33588e-35
-31.4381	3.71044e-32	-1.25471e-16	1.46155e-16	1.10457e-68	6.05574e-35	8.58982e-35
-31.1706	5.20324e-32	2.05396e-16	9.92222e-17	2.14451e-67	4.15507e-34	2.04463e-34
-30.903	1.38892e-31	3.67114e-16	-6.41795e-17	4.04602e-66	2.00969e-33	-8.47483e-35
-30.6355	5.17285e-32	2.02059e-16	-1.04406e-16	7.41809e-65	7.38029e-33	-4.43985e-33
-30.3679	3.88101e-32	-1.56652e-16	1.19459e-16	1.32166e-63	1.83715e-32	-3.13711e-32
-30.1003	3.51893e-31	-4.1565e-16	4.23236e-16	2.28829e-62	4.58904e-33	-1.51201e-31
-29.8328	3.77667e-31	-4.19972e-16	4.48654e-16	3.85005e-61	-2.8051e-31	-5.53461e-31
-29.5652	7.60743e-32	-2.6351e-16	8.14661e-17	6.29486e-60	-2.06752e-30	-1.42135e-30
-29.2977	1.44453e-31	-9.84996e-17	-3.67084e-16	1.00016e-58	-9.94797e-30	-1.02654e-30
-29.0301	2.46439e-31	5.0872e-17	-4.93813e-16	1.54425e-57	-3.62465e-29	1.51801e-29
-28.7625	1.02199e-31	1.87063e-16	-2.59243e-16	2.31701e-56	-9.50905e-29	1.18861e-28
-28.495	3.08413e-32	1.7178e-16	3.65114e-17	3.37834e-55	-1.01377e-28	5.72326e-28
-28.2274	4.29618e-32	-9.87358e-17	1.82244e-16	4.78677e-54	6.96788e-28	2.07395e-27
-27.9599	1.89036e-31	-3.83762e-16	2.04361e-16	6.59092e-53	5.95545e-27	5.51741e-27
-27.6923	1.06783e-31	-3.15634e-16	8.46081e-17	8.81887e-52	2.87895e-26	7.28372e-27
-27.4247	6.87432e-32	-3.56617e-19	-2.62189e-16	1.14668e-50	1.03711e-25	-2.66627e-26
-27.1572	3.55006e-31	6.17956e-17	-5.92611e-16	1.4489e-49	2.78235e-25	-2.59761e-25
-26.8896	2.43119e-31	-1.80979e-16	-4.58657e-16	1.77909e-48	4.19939e-25	-1.26599e-24
-26.6221	4.55031e-32	-2.13313e-16	-8.04332e-19	2.12286e-47	-8.21021e-25	-4.53371e-24
-26.3545	7.71785e-33	4.6915e-17	7.42754e-17	2.46155e-46	-9.8481e-24	-1.22135e-23
-26.087	1.01663e-31	3.29808e-17	-3.17135e-16	2.7737e-45	-4.86555e-23	-2.01579e-23
-25.8194	2.2067e-31	-2.61166e-16	-3.90464e-16	3.03721e-44	-1.73285e-22	1.85539e-23
-25.5518	1.88123e-32	-7.89395e-17	1.12165e-16	3.23186e-43	-4.67232e-22	3.23853e-22
-25.2843	4.75116e-31	4.77263e-16	4.97328e-16	3.34192e-42	-8.20179e-22	1.63378e-21
-25.0167	2.80487e-31	1.08138e-16	5.18453e-16	3.35817e-41	1.98027e-22	5.79159e-21
-24.7492	3.20679e-30	-1.72248e-15	4.89762e-16	3.27924e-40	9.21097e-21	1.55911e-20
-24.4816	1.73381e-29	-4.12008e-15	-6.0249e-16	3.11178e-39	4.79104e-20	2.85722e-20
-24.214	6.49698e-29	-6.04974e-15	-5.32639e-15	2.86951e-38	1.69272e-19	6.48753e-21
-23.9465	2.75723e-28	-5.04633e-15	-1.58195e-14	2.5714e-37	4.54125e-19	-2.25635e-19
-23.6789	1.09671e-27	7.16379e-15	-3.23325e-14	2.23922e-36	8.57522e-19	-1.22633e-18
-23.4114	4.50682e-27	4.64433e-14	-4.84751e-14	1.8949e-35	4.81303e-19	-4.32636e-18
-23.1438	1.84942e-26	1.31196e-13	-3.58017e-14	1.55827e-34	-4.73024e-18	-1.15521e-17
-22.8763	7.47919e-26	2.62316e-13	7.73462e-14	1.24526e-33	-2.73788e-17	-2.22635e-17
-22.6087	3.03525e-25	3.65754e-13	4.12007e-13	9.67036e-33	-9.6691e-17	-1.79226e-17
-22.3411	1.21783e-24	1.82716e-13	1.08832e-12	7.29775e-32	-2.56754e-16	8.39921e-17
-22.0736	4.8433e-24	-8.52713e-13	2.02884e-12	5.3518e-31	-5.01437e-16	5.32673e-16
-21.806	1.91196e-23	-3.59317e-12	2.49174e-12	3.81394e-30	-4.94065e-16	1.8894e-15
-21.5385	7.47789e-23	-8.64145e-12	3.23018e-13	2.64127e-29	1.23995e-15	4.98751e-15
-21.2709	2.89937e-22	-1.46592e-11	-8.66289e-12	1.77752e-28	9.02041e-15	9.81755e-15
-21.0033	1.11385e-21	-1.49471e-11	-2.98401e-11	1.16247e-27	3.22746e-14	1.09918e-14
-20.7358	4.23807e-21	7.11924e-12	-6.471e-11	7.38774e-27	8.46956e-14	-1.46419e-14
-20.4682	1.59641e-20	7.98787e-11	-9.78954e-11	4.56253e-26	1.67342e-13	-1.32747e-13
-20.2007	5.95025e-20	2.32227e-10	-7.46547e-11	2.73819e-25	2.04129e-13	-4.8182e-13
-19.9331	2.19341e-19	4.52047e-10	1.22452e-10	1.59693e-24	-1.24523e-13	-1.25755e-12
-19.6656	7.99195e-19	5.96683e-10	6.65706e-10	9.05049e-24	-1.69404e-12	-2.48611e-12
-19.398	2.87665e-18	2.62935e-10	1.67556e-09	4.98451e-23	-6.28423e-12	-3.2177e-12
-19.1304	1.02226e-17	-1.30038e-09	2.92089e-09	2.6677e-22	-1.63275e-11	4.28085e-13
-18.8629	3.58433e-17	-5.01352e-09	3.2723e-09	1.38744e-21	-3.22198e-11	1.86903e-11
-18.5953	1.23927e-16	-1.11321e-08	6.26703e-11	7.01224e-21	-4.34627e-11	7.15767e-11
-18.3278	4.22241e-16	-1.73462e-08	-1.10159e-08	3.444e-20	-8.58436e-12	1.85381e-10
-18.0602	1.41687e-15	-1.586e-08	-3.4137e-08	1.64374e-19	1.77502e-10	3.64509e-10
-17.7926	4.67964e-15	9.1159e-09	-6.77978e-08	7.62371e-19	7.11543e-10	5.06042e-10
-17.5251	1.52037e-14	7.9495e-08	-9.42562e-08	3.43609e-18	1.84061e-09	2.19624e-10
-17.2575	4.85614e-14	2.10206e-07	-6.61412e-08	1.50496e-17	3.60167e-09	-1.44138e-09
-16.99	1.52404e-13	3.77397e-07	9.98777e-08	6.40548e-17	5.09869e-09	-6.16913e-09
-16.7224	4.69711e-13	4.67327e-07	5.01315e-07	2.64936e-16	3.09394e-09	-1.59801e-08
-16.4548	1.42093e-12	2.25611e-07	1.17048e-06	1.06487e-15	-9.89853e-09	-3.10948e-08
-16.1873	4.21704e-12	-7.38036e-07	1.91633e-06	4.15923e-15	-4.66052e-08	-4.45779e-08
-15.9197	1.22725e-11	-2.79513e-06	2.1118e-06	1.57868e-14	-1.21301e-07	-3.2754e-08
-15.6522	3.50068e-11	-5.8912e-06	5.48172e-07	5.82292e-14	-2.34635e-07	5.63521e-08
-15.3846	9.78332e-11	-8.86482e-06	-4.38727e-06	2.08713e-13	-3.38863e-07	3.06407e-07
-15.1171	2.67769e-10	-8.7029e-06	-1.38575e-05	7.26982e-13	-2.813e-07	8.04893e-07
-14.8495	7.17486e-10	-3.26831e-07	-2.67839e-05	2.46071e-12	2.54901e-07	1.54782e-06
-14.5819	1.88144e-09	2.20962e-05	-3.73256e-05	8.09399e-12	1.75028e-06	2.24288e-06
-14.3144	4.82667e-09	6.12526e-05	-3.2784e-05	2.58719e-11	4.66751e-06	2.02146e-06
-14.0468	1.21101e-08	0.0001099	5.67643e-06	8.03633e-11	8.92768e-06	-8.12263e-07
-13.7793	2.97077e-08	0.000142947	9.63001e-05	2.42578e-10	1.29404e-05	-8.66747e-06
-13.5117	7.12338e-08	0.000113319	0.000241645	7.11555e-10	1.23461e-05	-2.36459e-05
-13.2441	1.66913e-07	-4.04642e-05	0.000406541	2.02829e-09	-8.21716e-07	-4.5029e-05
-12.9766	3.82101e-07	-0.000366762	0.000497581	5.61843e-09	-3.70934e-05	-6.51345e-05
-12.709	8.54379e-07	-0.000850883	0.000361079	1.51239e-08	-0.000104606	-6.46647e-05
-12.4415	1.86559e-06	-0.00135411	-0.0001788	3.95619e-08	-0.000198609	-1.07831e-05
-12.1739	3.97734e-06	-0.00157276	-0.00122629	1.00567e-07	-0.000286211	0.000136564
-11.9064	8.27746e-06	-0.00106507	-0.00267266	2.48425e-07	-0.000292096	0.000403863
-11.6388	1.68135e-05	0.000606751	-0.00405528	5.9635e-07	-9.76005e-05	0.000766044
-11.3712	3.33275e-05	0.00360606	-0.00450819	1.39114e-06	0.000429492	0.00109849
-11.1037	6.4457e-05	0.00748077	-0.00291464	3.15358e-06	0.00135978	0.00114219
-10.8361	0.000121618	0.0109017	0.00166475	6.94705e-06	0.0025836	0.000521602
-10.5686	0.000223838	0.0116983	0.00932669	1.48717e-05	0.00368389	-0.00114047
-10.301	0.000401811	0.00739218	0.0186324	3.09376e-05	0.00387654	-0.00398873
-10.0334	0.000703421	-0.00372335	0.0262594	6.25425e-05	0.00212235	-0.00761828
-9.76589	0.0012008	-0.021189	0.0274194	0.000122865	-0.00250259	-0.0107982
-9.49833	0.00199867	-0.0412247	0.0172973	0.000234555	-0.010181	-0.0114413
-9.23077	0.00324336	-0.056562	-0.00664079	0.000435137	-0.0196365	-0.00703874
-8.96321	0.00513088	-0.0578971	-0.0421759	0.00078446	-0.0276713	0.0043309
-8.69565	0.00791228	-0.0370776	-0.080855	0.00137429	-0.0294065	0.0225733
-8.42809	0.011893	0.00870157	-0.108707	0.00233966	-0.0195762	0.0442315
-8.16054	0.0174235	0.07325	-0.109809	0.00387069	0.00514344	0.0620019
-7.89298	0.0248776	0.140226	-0.0722094	0.00622285	0.0433762	0.065889
-7.62542	0.0346166	0.185971	0.00558498	0.00972197	0.0870372	0.0463303
-7.35786	0.04694	0.186476	0.110303	0.0147599	0.121484	-0.00124895
-7.0903	0.0620248	0.126744	0.214384	0.0217759	0.128808	-0.0720022
-6.82274	0.0798606	0.00922174	0.282446	0.0312199	0.0941019	-0.149548
-6.55518	0.100191	-0.142567	0.282605	0.0434963	0.0129651	-0.208154
-6.28763	0.122474	-0.287815	0.199088	0.0588893	-0.102755	-0.219843
-6.02007	0.145867	-0.379694	0.0412279	0.0774792	-0.224236	-0.164916
-5.75251	0.169264	-0.380931	-0.155421	0.0990598	-0.311887	-0.0422645
-5.48495	0.191361	-0.278221	-0.337571	0.123076	-0.327743	0.125142
-5.21739	0.210772	-0.0897151	-0.450248	0.148598	-0.250281	0.293186
-4.94983	0.226173	0.138034	-0.455104	0.174349	-0.0858898	0.408622
-4.68227	0.236444	0.343412	-0.344256	0.198786	0.128458	0.426948
-4.41472	0.240807	0.469031	-0.144281	0.220252	0.333935	0.329756
-4.14716	0.238925	0.480162	0.091483	0.237146	0.468056	0.134421
-3.8796	0.230942	0.375644	0.299722	0.248128	0.486143	-0.108595
-3.61204	0.217466	0.18746	0.426995	0.25229	0.377882	-0.3309
-3.34448	0.199491	-0.030541	0.445599	0.24928	0.17221	-0.46864
-3.07692	0.17828	-0.220335	0.360185	0.239353	-0.0717979	-0.483941
-2.80936	0.155214	-0.337345	0.203501	0.223334	-0.284766	-0.37715
-2.54181	0.131645	-0.362054	0.0237066	0.202505	-0.41004	-0.185397
-2.27425	0.108776	-0.30242	-0.131597	0.178435	-0.421234	0.0315674
-2.00669	0.0875617	-0.187478	-0.22894	0.152787	-0.328186	0.212324
-1.73913	0.0686681	-0.0555437	-0.256092	0.127133	-0.170042	0.313399
-1.47157	0.0524637	0.058297	-0.221507	0.1028	0.000742025	0.320624
-1.20401	0.039051	0.131283	-0.147701	0.0807783	0.136697	0.249183
-0.936455	0.0283192	0.15649	-0.0618866	0.061682	0.209146	0.13394
-0.668896	0.0200083	0.140887	0.0126149	0.0457706	0.213414	0.0150003
-0.401338	0.013773	0.0998369	0.0616897	0.0330049	0.16519	-0.0756125
-0.133779	0.00923731	0.0506341	0.0816914	0.0231278	0.0910757	-0.121791
0.133779	0.00603624	0.00730528	0.077349	0.015749	0.0178422	-0.12422
0.401338	0.00384327	-0.0221154	0.0579153	0.0104217	-0.0356545	-0.0956578
0.668896	0.00238429	-0.0357652	0.0332437	0.00670169	-0.0618374	-0.0536455
0.936455	0.00144129	-0.0363406	0.0109841	0.0041879	-0.063222	-0.0138157
1.20401	0.000848955	-0.0287646	-0.0046423	0.00254315	-0.0484054	0.0141444
1.47157	0.000487273	-0.0180715	-0.0126765	0.00150076	-0.0274387	0.0273473
1.73913	0.000272537	-0.00804829	-0.014414	0.000860626	-0.00832218	0.0281313
2.00669	0.000148544	-0.000746296	-0.012165	0.000479603	0.00460393	0.0214104
2.27425	7.88991e-05	0.00333439	-0.00823292	0.000259725	0.0105201	0.0122087
2.54181	4.08403e-05	0.00471153	-0.00431762	0.000136681	0.0109412	0.00411974
2.80936	2.06025e-05	0.00433688	-0.00133937	6.98985e-05	0.00827952	-0.00116103
3.07692	1.01292e-05	0.00315115	0.000446577	3.47369e-05	0.00473177	-0.00351387
3.34448	4.85367e-06	0.00184384	0.00120578	1.67756e-05	0.0017171	-0.00371849
3.61204	2.26682e-06	0.000793689	0.0012794	7.87281e-06	-0.000187388	-0.00279959
3.8796	1.03188e-06	0.00012246	0.00100841	3.59042e-06	-0.00101656	-0.00159907
4.14716	4.57849e-07	-0.000207419	0.00064407	1.5912e-06	-0.00110391	-0.000610385
4.41472	1.9802e-07	-0.000300691	0.000328031	6.85278e-07	-0.000827802	-4.67863e-06
4.68227	8.34843e-08	-0.000266071	0.000112652	2.86797e-07	-0.000471562	0.000253823
4.94983	3.43103e-08	-0.000185169	-4.77761e-06	1.16639e-07	-0.000186471	0.000286126
5.21739	1.37462e-08	-0.000105571	-5.10006e-05	4.60978e-08	-1.67595e-05	0.000214049
5.48495	5.36902e-09	-4.71259e-05	-5.61085e-05	1.77043e-08	5.44134e-05	0.000121423
5.75251	2.04445e-09	-1.24321e-05	-4.34729e-05	6.60757e-09	6.47083e-05	4.91977e-05
6.02007	7.59003e-10	3.82862e-06	-2.72827e-05	2.39645e-09	4.83993e-05	7.34574e-06
6.28763	2.74733e-10	8.73781e-06	-1.40849e-05	8.44617e-10	2.73121e-05	-9.93298e-06
6.55518	9.69608e-11	8.1168e-06	-5.5748e-06	2.89277e-10	1.12474e-05	-1.27582e-05
6.82274	3.33668e-11	5.67217e-06	-1.09242e-06	9.62794e-11	2.17109e-06	-9.569e-06
7.0903	1.11965e-11	3.2661e-06	7.27423e-07	3.11398e-11	-1.52244e-06	-5.36861e-06
7.35786	3.66369e-12	1.5507e-06	1.12206e-06	9.7873e-12	-2.19074e-06	-2.23337e-06
7.62542	1.16906e-12	5.55307e-07	9.27738e-07	2.98933e-12	-1.65398e-06	-5.03666e-07
7.89298	3.63796e-13	8.20725e-08	5.97545e-07	8.87254e-13	-9.2244e-07	1.90679e-07
8.16054	1.10407e-13	-8.67588e-08	3.20748e-07	2.5591e-13	-3.85845e-07	3.2716e-07
8.42809	3.26789e-14	-1.11209e-07	1.42519e-07	7.17281e-14	-9.63692e-08	2.49882e-07
8.69565	9.43392e-15	-8.46756e-08	4.7581e-08	1.95369e-14	1.83072e-08	1.3857e-07
8.96321	2.65636e-15	-5.11818e-08	6.06511e-09	5.17114e-15	4.24117e-08	5.80723e-08
9.23077	7.29575e-16	-2.60045e-08	-7.30362e-09	1.33009e-15	3.29878e-08	1.55529e-08
9.49833	1.9546e-16	-1.10162e-08	-8.60838e-09	3.3246e-16	1.82019e-08	-1.07275e-09
9.76589	5.10824e-17	-3.55271e-09	-6.20166e-09	8.07536e-17	7.62177e-09	-4.76049e-09
10.0334	1.30234e-17	-4.86567e-10	-3.57585e-09	1.90611e-17	2.14296e-09	-3.80379e-09
10.301	3.23922e-18	4.40874e-10	-1.74495e-09	4.37219e-18	2.84739e-11	-2.09078e-09
10.5686	7.86022e-19	5.20831e-10	-7.17466e-10	9.7457e-19	-4.60957e-10	-8.72977e-10
10.8361	1.86091e-19	3.64405e-10	-2.30868e-10	2.11101e-19	-3.82918e-10	-2.53919e-10
11.1037	4.29867e-20	2.03646e-10	-3.89243e-11	4.44358e-20	-2.10017e-10	-1.81282e-11
11.3712	9.68896e-21	9.67581e-11	1.80783e-11	9.08949e-21	-8.73101e-11	3.82941e-11
11.6388	2.13096e-21	3.92096e-11	2.43632e-11	1.8068e-21	-2.59951e-11	3.36311e-11
11.9064	4.57352e-22	1.28717e-11	1.70784e-11	3.49015e-22	-2.95037e-12	1.84475e-11
12.1739	9.5786e-23	2.69697e-12	9.4081e-12	6.55152e-23	2.70575e-12	7.62851e-12
12.4415	1.95717e-23	-3.76448e-13	4.40794e-12	1.1951e-23	2.5749e-12	2.3067e-12
12.709	3.90415e-24	-8.54793e-13	1.78143e-12	2.11851e-24	1.41682e-12	3.33349e-13
12.9766	7.60751e-25	-6.29996e-13	6.03204e-13	3.64939e-25	5.82479e-13	-1.60178e-13
13.2441	1.44846e-25	-3.49683e-13	1.50226e-13	6.10906e-26	1.77821e-13	-1.71669e-13
13.5117	2.70168e-26	-1.64141e-13	8.62284e-15	9.93784e-27	2.97991e-14	-9.51307e-14
13.7793	4.87226e-27	-6.66587e-14	-2.07094e-14	1.57099e-27	-7.71407e-15	-3.88778e-14
14.0468	8.79574e-28	-2.35753e-14	-1.79939e-14	2.41335e-28	-9.95207e-15	-1.19286e-14
14.3144	1.49081e-28	-6.75284e-15	-1.01725e-14	3.60271e-29	-5.58284e-15	-2.20432e-15
14.5819	2.53362e-29	-8.48046e-16	-4.96155e-15	5.22641e-30	-2.26875e-15	2.81367e-16
14.8495	3.75025e-30	1.59602e-16	-1.92997e-15	7.36786e-31	-6.97191e-16	5.0071e-16
15.1171	7.53702e-31	4.57368e-16	-7.37914e-16	1.00935e-31	-1.37771e-16	2.86277e-16
15.3846	3.51342e-31	5.00167e-16	-3.1808e-16	1.34372e-32	5.89796e-18	1.15769e-16
15.6522	2.35227e-31	3.79249e-17	4.83517e-16	1.73835e-33	2.18047e-17	3.55374e-17
15.9197	3.09775e-32	3.52714e-18	-1.75969e-16	2.18541e-34	1.28216e-17	7.35853e-18
16.1873	3.01845e-31	-2.04163e-16	-5.10061e-16	2.66987e-35	5.16587e-18	1.11518e-19
16.4548	9.10646e-32	-1.43005e-16	2.65733e-16	3.16965e-36	1.58092e-18	-8.18736e-19
16.7224	3.00005e-32	-1.59653e-16	-6.71672e-17	3.65676e-37	3.38198e-19	-5.01297e-19
16.99	3.46083e-32	1.44365e-16	1.17333e-16	4.09964e-38	1.90189e-20	-2.01581e-19
17.2575	1.59163e-31	3.76941e-16	-1.30685e-16	4.46642e-39	-2.63553e-20	-6.14151e-20
17.5251	3.28267e-31	-3.59663e-16	-4.45993e-16	4.72865e-40	-1.70985e-20	-1.34352e-20
17.7926	1.33309e-31	2.1445e-16	2.955e-16	4.86495e-41	-6.8784e-21	-1.15635e-21
18.0602	2.97883e-31	3.86297e-16	3.8556e-16	4.86389e-42	-2.08436e-21	7.20659e-22
18.3278	7.708e-32	-2.77492e-16	8.85107e-18	4.72556e-43	-4.62751e-22	5.08348e-22
18.5953	8.19872e-32	4.64612e-18	-2.86296e-16	4.46156e-44	-5.0012e-23	2.05218e-22
18.8629	2.32344e-32	1.22802e-16	-9.02994e-17	4.0934e-45	1.64723e-23	6.18228e-23
19.1304	1.17897e-32	-1.01257e-16	-3.92027e-17	3.6496e-46	1.31588e-23	1.38494e-23
19.398	1.09076e-31	-1.53038e-16	-2.9267e-16	3.16206e-47	5.35255e-24	1.7236e-24
19.6656	1.08014e-32	6.22213e-17	-8.32463e-17	2.66231e-48	1.60294e-24	-3.04801e-25
19.9331	4.86165e-32	9.73231e-17	-1.9785e-16	2.17827e-49	3.60743e-25	-2.96128e-25
20.2007	9.54995e-32	-1.84612e-16	-2.47827e-16	1.73193e-50	4.93044e-26	-1.22018e-25
20.4682	3.02526e-32	3.78102e-17	1.69773e-16	1.33817e-51	-4.21288e-27	-3.63376e-26
20.7358	4.5639e-32	1.57123e-16	1.44746e-16	1.00474e-52	-5.7821e-27	-8.1879e-27
21.0033	1.92708e-32	-7.28058e-17	1.18195e-16	7.33102e-54	-2.43033e-27	-1.19353e-27
21.2709	2.26461e-32	1.32271e-16	7.17662e-17	5.19802e-55	-7.20308e-28	3.09461e-29
21.5385	1.40553e-31	8.5183e-17	-3.65098e-16	3.58158e-56	-1.62091e-28	9.76854e-29
21.806	8.33704e-32	-1.13011e-16	-2.65705e-16	2.39814e-57	-2.47136e-29	4.22775e-29
22.0736	1.0028e-31	2.83413e-16	1.41268e-16	1.56042e-58	-3.69077e-31	1.24862e-29
22.3411	9.82065e-32	2.46996e-16	1.92872e-16	9.86664e-60	1.42225e-30	2.80068e-30
22.6087	1.54435e-31	-2.22003e-16	3.24268e-16	6.06264e-61	6.41982e-31	4.40594e-31
22.8763	3.24532e-32	-1.97823e-18	1.80137e-16	3.62008e-62	1.89276e-31	1.93803e-32
23.1438	1.90518e-31	2.33511e-16	-3.68769e-16	2.10058e-63	4.22604e-32	-1.77381e-32
23.4114	6.23602e-32	-6.35903e-19	-2.49719e-16	1.18447e-64	6.79212e-33	-8.50377e-33
23.6789	6.2849e-32	4.88767e-17	2.45886e-16	6.49042e-66	4.42365e-34	-2.50893e-33
23.9465	2.44853e-32	9.15505e-17	1.26901e-16	3.45609e-67	-1.87669e-34	-5.57126e-34
24.214	4.47779e-32	-2.09576e-16	-2.92524e-17	1.78839e-68	-9.81726e-35	-9.08076e-35
24.4816	2.86526e-32	-4.1162e-17	1.6419e-16	8.99295e-70	-2.90781e-35	-7.33226e-36
24.7492	1.90434e-31	4.36282e-16	-9.57215e-18	4.39447e-71	-6.419e-36	1.65565e-36
25.0167	1.7513e-31	2.41062e-16	-3.4208e-16	2.08677e-72	-1.05514e-36	9.86642e-37
25.2843	4.36075e-32	-1.88477e-16	-8.99107e-17	9.62959e-74	-9.74661e-38	2.94612e-37
25.5518	7.06072e-32	-2.58435e-17	2.6446e-16	4.31821e-75	1.17608e-38	6.46521e-38
25.8194	4.71915e-32	2.03401e-16	7.62845e-17	1.88176e-76	8.61899e-39	1.06719e-38
26.087	3.51584e-32	-1.31422e-17	-1.87044e-16	7.96873e-78	2.60879e-39	1.0784e-39
26.3545	1.66738e-32	-9.48382e-17	-8.76331e-17	3.27927e-79	5.69346e-40	-6.14162e-41
26.6221	5.63266e-32	2.36726e-16	1.69516e-17	1.31138e-80	9.40659e-41	-6.53103e-41
26.8896	1.29111e-31	3.49741e-16	-8.24138e-17	5.09619e-82	1.01123e-41	-2.01832e-41
27.1572	5.90223e-33	-5.01543e-18	-7.66621e-17	1.92454e-83	-1.5338e-43	-4.38427e-42
27.4247	7.69418e-32	-2.43562e-16	1.32739e-16	7.06269e-85	-4.2804e-43	-7.23222e-43
27.6923	6.5295e-32	-2.9644e-17	2.53804e-16	2.51871e-86	-1.3637e-43	-8.11805e-44
27.9599	6.20751e-32	2.03979e-16	1.43064e-16	8.72872e-88	-2.95236e-44	-1.10814e-45
28.2274	8.30688e-34	8.43264e-18	-2.75605e-17	2.93959e-89	-4.85358e-45	2.41632e-45
28.495	1.85368e-31	-4.20683e-16	-9.16165e-17	9.62025e-91	-5.61434e-46	8.04249e-46
28.7625	3.16343e-31	-5.57569e-16	-7.38915e-17	3.0595e-92	-1.92022e-47	1.73857e-46
29.0301	6.64049e-32	-2.43452e-16	-8.4475e-17	9.45537e-94	1.16745e-47	2.84472e-47
29.2977	4.70201e-32	1.45311e-16	-1.6095e-16	2.83969e-95	4.13713e-48	3.35873e-48
29.5652	8.34467e-32	1.87135e-16	-2.20062e-16	8.28755e-97	8.95244e-49	1.6521e-49
29.8328	3.18939e-32	-8.73569e-17	-1.55765e-16	2.35042e-98	1.45675e-49	-4.77821e-50
30.1003	8.39548e-32	-2.89419e-16	1.38453e-17	6.47784e-100	1.74308e-50	-1.85459e-50
30.3679	5.71492e-32	-1.85403e-16	1.50914e-16	1.73491e-101	1.05056e-51	-4.03057e-51
30.6355	3.29079e-32	4.85654e-17	1.74784e-16	4.51533e-103	-1.62638e-52	-6.51983e-52
30.903	3.80882e-32	1.05723e-16	1.64045e-16	1.142e-104	-7.23644e-53	-7.86344e-53
31.1706	5.67899e-32	-6.63623e-17	2.2888e-16	2.80676e-106	-1.58631e-53	-5.38855e-54
31.4381	1.80793e-31	-2.5601e-16	3.39488e-16	6.70361e-108	-2.55094e-54	4.43077e-55
31.7057	2.07218e-31	-2.81586e-16	3.57669e-16	1.55588e-109	-3.08829e-55	2.45382e-55
31.9732	8.01246e-32	-1.76549e-16	2.21258e-16	3.5092e-111	-2.30657e-56	5.45635e-56
32.2408	8.45171e-33	-8.73505e-17	2.86637e-17	7.69137e-113	8.71091e-58	8.72668e-57
32.5084	1.24203e-32	-8.28864e-17	-7.44993e-17	1.63819e-114	7.21561e-58	1.05714e-57
32.7759	1.49592e-32	-1.11788e-16	-4.96247e-17	3.39068e-116	1.63968e-58	8.37927e-59
33.0435	1.12972e-32	-1.04725e-16	1.81606e-17	6.81984e-118	2.61053e-59	-7.05111e-61
33.311	4.81135e-33	-6.16455e-17	3.17992e-17	1.33299e-119	3.15666e-60	-1.83448e-60
33.5786	1.54383e-33	-3.37416e-17	-2.01328e-17	2.53187e-121	2.60821e-61	-4.30301e-61
33.8462	8.03551e-33	-5.26522e-17	-7.25483e-17	4.67326e-123	3.10816e-63	-6.82906e-62
34.1137	1.36016e-32	-9.82371e-17	-6.28572e-17	8.38231e-125	-4.01489e-63	-8.22823e-63
34.3813	1.64871e-32	-1.27849e-16	1.19041e-17	1.46107e-126	-9.85592e-64	-6.9977e-64
34.6488	2.55741e-32	-1.21607e-16	1.03855e-16	2.47481e-128	-1.56222e-64	-1.85152e-65
34.9164	3.55368e-32	-9.66057e-17	1.61877e-16	4.07359e-130	-1.87324e-65	7.51385e-66
35.1839	3.55183e-32	-8.5592e-17	1.67906e-16	6.51593e-132	-1.62463e-66	1.96888e-66
35.4515	3.07194e-32	-1.07657e-16	1.38309e-16	1.01284e-133	-6.02466e-68	3.12496e-67
35.7191	3.47589e-32	-1.56196e-16	1.01793e-16	1.52991e-135	1.18942e-68	3.72618e-68
35.9866	4.92329e-32	-2.07813e-16	7.77606e-17	2.24573e-137	3.42716e-69	3.2729e-69
36.2542	6.21559e-32	-2.39552e-16	6.90717e-17	3.20341e-139	5.46534e-70	1.47112e-70
36.5217	6.25798e-32	-2.40813e-16	6.77401e-17	4.4405e-141	6.47822e-71	-1.56129e-71
36.7893	5.03365e-32	-2.14888e-16	6.44971e-17	5.98157e-143	5.73252e-72	-5.19171e-72
37.0569	3.3008e-32	-1.732e-16	5.48603e-17	7.83e-145	2.91276e-73	-8.35559e-73
37.3244	1.8002e-32	-1.28124e-16	3.98282e-17	9.96031e-147	-1.62951e-74	-9.84621e-74
37.592	8.34894e-33	-8.83534e-17	2.32943e-17	1.23125e-148	-6.83343e-75	-8.7424e-75
37.8595	3.41566e-33	-5.77338e-17	9.08108e-18	1.47906e-150	-1.11638e-75	-4.82447e-76
38.1271	1.32393e-33	-3.63787e-17	-7.18322e-19	1.72659e-152	-1.3085e-76	1.20094e-77
38.3946	5.40712e-34	-2.24895e-17	-5.91035e-18	1.95865e-154	-1.16217e-77	7.79753e-78
38.6622	2.47677e-34	-1.3827e-17	-7.51607e-18	2.15917e-156	-6.79064e-79	1.30309e-78
38.9298	1.20416e-34	-8.49994e-18	-6.94024e-18	2.31303e-158	2.89518e-81	1.52059e-79
39.1973	5.61045e-35	-5.19209e-18	-5.39877e-18	2.40791e-160	7.68975e-81	1.34781e-80
39.4649	2.31233e-35	-3.08731e-18	-3.68671e-18	2.43592e-162	1.32821e-81	8.19616e-82
39.7324	7.69136e-36	-1.70392e-18	-2.18815e-18	2.39469e-164	1.54527e-82	8.26711e-84
40	1.5376e-36	-7.46246e-19	-9.9031e-19	2.28771e-166	1.36457e-83	-6.52423e-84
