-40	1.17651e-67	-2.70337e-34	2.11113e-34	4.72793e-121	-5.31397e-61	4.3636e-61
-39.7324	8.25835e-67	-4.72453e-34	7.76288e-34	2.47801e-119	-4.90197e-60	8.66469e-61
-39.4649	4.03351e-66	-1.01803e-34	2.00578e-33	1.26211e-117	-3.35208e-59	-1.17672e-59
-39.1973	1.57263e-65	2.1681e-33	3.32049e-33	6.24678e-116	-1.64923e-58	-1.87798e-58
-38.9298	5.25749e-65	7.24151e-33	3.6809e-34	3.00455e-114	-3.58081e-58	-1.69597e-57
-38.6622	4.25523e-64	6.04572e-33	-1.97224e-32	1.40432e-112	3.55268e-57	-1.13053e-56
-38.3946	8.28246e-63	-5.53331e-32	-7.22545e-32	6.37848e-111	5.82313e-56	-5.46589e-56
-38.1271	1.37032e-61	-3.57375e-31	-9.65191e-32	2.81535e-109	5.15238e-55	-1.26747e-55
-37.8595	1.80866e-60	-1.28904e-30	3.83448e-31	1.20757e-107	3.34786e-54	9.31409e-55
-37.592	2.02578e-59	-3.12135e-30	3.24268e-30	5.03331e-106	1.58876e-53	1.58403e-53
-37.3244	2.00675e-58	-3.7273e-30	1.36668e-29	2.03873e-104	3.86813e-53	1.37445e-52
-37.0569	1.8018e-57	9.6032e-30	4.1347e-29	8.02475e-103	-2.11388e-52	8.70511e-52
-36.7893	1.48837e-56	8.06172e-29	9.15675e-29	3.06949e-101	-3.77963e-51	4.05084e-51
-36.5217	1.14179e-55	3.17037e-28	1.16904e-28	1.14094e-99	-3.21938e-50	1.02226e-50
-36.2542	8.18332e-55	8.94982e-28	-1.31678e-28	4.12123e-98	-1.98754e-49	-4.13443e-50
-35.9866	5.50031e-54	1.86647e-27	-1.42007e-27	1.44662e-96	-9.06099e-49	-7.9095e-49
-35.7191	3.47484e-53	2.35037e-27	-5.40593e-27	4.93451e-95	-2.34653e-48	-6.6211e-48
-35.4515	2.06557e-52	-1.53541e-27	-1.42898e-26	1.63568e-93	6.92067e-48	-3.9847e-47
-35.1839	1.15548e-51	-2.00815e-26	-2.74265e-26	5.26887e-92	1.45139e-46	-1.7783e-46
-34.9164	6.07832e-51	-7.16583e-26	-3.0715e-26	1.6493e-90	1.19561e-45	-4.68854e-46
-34.6488	3.00214e-50	-1.71593e-25	2.40242e-26	5.01703e-89	7.01494e-45	9.80246e-46
-34.3813	1.3888e-49	-2.86203e-25	2.3868e-25	1.48305e-87	3.0625e-44	2.33487e-44
-34.1137	5.99693e-49	-2.32723e-25	7.38602e-25	4.26021e-86	8.16766e-44	1.89555e-43
-33.8462	2.40638e-48	4.33741e-25	1.48938e-24	1.18924e-84	-1.15065e-43	1.08444e-42
-33.5786	8.92596e-48	2.33289e-24	1.86643e-24	3.22605e-83	-3.29217e-42	4.62841e-42
-33.311	3.04559e-47	5.51644e-24	1.57399e-25	8.50429e-82	-2.63848e-41	1.24206e-41
-33.0435	9.56002e-47	7.67948e-24	-6.05193e-24	2.17855e-80	-1.47211e-40	-1.07037e-41
-32.7759	2.81703e-46	2.21023e-24	-1.66378e-23	5.42328e-79	-6.13914e-40	-4.06741e-40
-32.5084	8.418e-46	-1.96437e-23	-2.13524e-23	1.31196e-77	-1.65041e-39	-3.22424e-39
-32.2408	2.98575e-45	-5.40864e-23	7.77243e-24	3.0842e-76	6.92723e-40	-1.75482e-38
-31.9732	1.37876e-44	-5.20502e-23	1.05254e-22	7.04577e-75	4.40177e-38	-7.14718e-38
-31.7057	7.37389e-44	1.11685e-22	2.47518e-22	1.56415e-73	3.4589e-37	-1.91768e-37
-31.4381	3.93774e-43	5.89504e-22	2.15079e-22	3.37437e-72	1.83691e-36	1.16227e-38
-31.1706	1.9674e-42	1.2967e-21	-5.34769e-22	7.07409e-71	7.30368e-36	4.17099e-36
-30.903	9.06283e-42	1.36552e-21	-2.68294e-21	1.44116e-69	1.9497e-35	3.25734e-35
-30.6355	3.85756e-41	-1.35822e-21	-6.0606e-21	2.85311e-68	4.52636e-36	1.68851e-34
-30.3679	1.52667e-40	-9.69825e-21	-7.65578e-21	5.48894e-67	-3.45897e-34	6.55171e-34
-30.1003	5.65383e-40	-2.37767e-20	2.26358e-22	1.02618e-65	-2.69264e-33	1.73535e-33
-29.8328	1.97025e-39	-3.43549e-20	2.81067e-20	1.86432e-64	-1.36295e-32	8.17769e-34
-29.5652	6.49005e-39	-1.67174e-20	7.88072e-20	3.29141e-63	-5.15936e-32	-2.509e-32
-29.2977	2.02794e-38	6.41903e-20	1.27118e-19	5.64687e-62	-1.35275e-31	-1.9537e-31
-29.0301	6.02636e-38	2.23571e-19	1.01387e-19	9.4145e-61	-9.01602e-32	-9.66086e-31
-28.7625	1.70591e-37	3.99938e-19	-1.03155e-19	1.52528e-59	1.59072e-30	-3.56685e-30
-28.495	4.60351e-37	4.04968e-19	-5.44382e-19	2.40142e-58	1.24414e-29	-9.23878e-30
-28.2274	1.18415e-36	-4.31538e-20	-1.08733e-18	3.67409e-57	6.01324e-29	-7.62824e-30
-27.9599	2.90078e-36	-1.1222e-18	-1.28119e-18	5.46255e-56	2.16492e-28	8.80734e-29
-27.6923	6.7555e-36	-2.56108e-18	-4.43118e-19	7.89233e-55	5.52976e-28	6.95306e-28
-27.4247	1.4919e-35	-3.37223e-18	1.88335e-18	1.1081e-53	5.28077e-28	3.28666e-27
-27.1572	3.11392e-35	-2.0711e-18	5.18167e-18	1.51188e-52	-4.25368e-27	1.15366e-26
-26.8896	6.11721e-35	2.3213e-18	7.46885e-18	2.00455e-51	-3.40992e-26	2.90138e-26
-26.6221	1.12541e-34	8.82598e-18	5.8858e-18	2.58275e-50	-1.57743e-25	3.07362e-26
-26.3545	1.92784e-34	1.38266e-17	-1.26917e-18	3.2338e-49	-5.39776e-25	-1.78946e-25
-26.087	3.05565e-34	1.2586e-17	-1.21309e-17	3.93465e-48	-1.33476e-24	-1.46733e-24
-25.8194	4.4537e-34	2.88346e-18	-2.09059e-17	4.65225e-47	-1.52552e-24	-6.64796e-24
-25.5518	5.94417e-34	-1.19802e-17	-2.12342e-17	5.34545e-46	6.54456e-24	-2.21746e-23
-25.2843	7.28166e-34	-2.4489e-17	-1.13339e-17	5.96856e-45	5.5396e-23	-5.38503e-23
-25.0167	8.34238e-34	-2.85629e-17	4.28914e-18	6.47618e-44	2.46015e-22	-6.51015e-23
-24.7492	9.38451e-34	-2.37976e-17	1.92906e-17	6.82861e-43	7.99869e-22	2.07534e-22
-24.4816	1.11251e-33	-1.2754e-17	3.08196e-17	6.99696e-42	1.90558e-21	1.83459e-21
-24.214	1.42828e-33	4.51698e-18	3.75217e-17	6.96707e-41	2.40138e-21	7.994e-21
-23.9465	1.85322e-33	2.75855e-17	3.30493e-17	6.74148e-40	-5.6848e-21	2.53344e-20
-23.6789	2.16072e-33	4.5349e-17	1.02073e-17	6.33905e-39	-5.32899e-20	5.91544e-20
-23.4114	2.00105e-33	3.91647e-17	-2.16142e-17	5.79238e-38	-2.28079e-19	7.68377e-20
-23.1438	1.21984e-33	9.30966e-18	-3.36626e-17	5.14345e-37	-7.04594e-19	-1.3376e-19
-22.8763	2.55089e-34	-1.01144e-17	-1.23607e-17	4.43829e-36	-1.61109e-18	-1.35745e-18
-22.6087	1.6442e-34	1.01999e-17	7.77058e-18	3.72169e-35	-2.13809e-18	-5.71362e-18
-22.3411	1.94256e-33	3.94273e-17	-1.96989e-17	3.0327e-34	2.67951e-18	-1.72073e-17
-22.0736	5.50001e-33	1.18901e-17	-7.32027e-17	2.4015e-33	3.03174e-17	-3.85013e-17
-21.806	9.4422e-33	-6.96554e-17	-6.7752e-17	1.84799e-32	1.2567e-16	-5.18345e-17
-21.5385	1.24216e-32	-1.08796e-16	2.41863e-17	1.38191e-31	3.69007e-16	4.50006e-17
-21.2709	1.47958e-32	-4.48564e-17	1.13065e-16	1.00421e-30	8.07413e-16	5.93543e-16
-21.0033	1.82402e-32	5.28422e-17	1.2429e-16	7.09141e-30	1.09638e-15	2.4268e-15
-20.7358	3.25708e-32	1.17577e-16	1.36918e-16	4.86637e-29	-6.14645e-16	6.94881e-15
-20.4682	1.70128e-31	2.96581e-16	2.8665e-16	3.2452e-28	-1.01833e-14	1.486e-14
-20.2007	1.31468e-30	1.01818e-15	5.27258e-16	2.10302e-27	-4.11433e-14	2.02544e-14
-19.9331	9.62076e-30	3.0822e-15	3.4752e-16	1.32436e-26	-1.14906e-13	-6.3373e-15
-19.6656	6.73227e-29	7.91831e-15	-2.15015e-15	8.10468e-26	-2.40038e-13	-1.53063e-13
-19.398	4.58263e-28	1.70461e-14	-1.29497e-14	4.81979e-25	-3.27091e-13	-6.12365e-13
-19.1304	3.0242e-27	2.78088e-14	-4.74434e-14	2.78538e-24	3.66611e-14	-1.66854e-12
-18.8629	1.93202e-26	1.88098e-14	-1.37719e-13	1.56425e-23	2.01483e-12	-3.40337e-12
-18.5953	1.19796e-25	-8.91507e-14	-3.34437e-13	8.53669e-23	8.00103e-12	-4.62064e-12
-18.3278	7.22585e-25	-5.20254e-13	-6.72251e-13	4.52728e-22	2.12761e-11	-2.37436e-13
-18.0602	4.24228e-24	-1.79584e-12	-1.00858e-12	2.33319e-21	4.23576e-11	2.32169e-11
-17.7926	2.42348e-23	-4.89385e-12	-5.33869e-13	1.16849e-20	5.71302e-11	9.17664e-11
-17.5251	1.34665e-22	-1.10964e-11	3.39639e-12	5.68678e-20	1.05576e-11	2.38236e-10
-17.2575	7.27727e-22	-2.05403e-11	1.74877e-11	2.6895e-19	-2.34068e-10	4.62776e-10
-16.99	3.82428e-21	-2.71581e-11	5.55582e-11	1.23606e-18	-9.23843e-10	6.18525e-10
-16.7224	1.95418e-20	-5.76766e-12	1.39673e-10	5.52041e-18	-2.34252e-09	1.81708e-10
-16.4548	9.70905e-20	1.14039e-10	2.89975e-10	2.39589e-17	-4.43864e-09	-2.06334e-09
-16.1873	4.68964e-19	4.88012e-10	4.80426e-10	1.01048e-16	-5.86604e-09	-8.16318e-09
-15.9197	2.20197e-18	1.39063e-09	5.17814e-10	4.14144e-16	-2.24502e-09	-2.02263e-08
-15.6522	1.00496e-17	3.16296e-09	-2.12957e-10	1.64945e-15	1.58909e-08	-3.73755e-08
-15.3846	4.45774e-17	5.88004e-09	-3.16267e-09	6.38398e-15	6.33046e-08	-4.87494e-08
-15.1171	1.9216e-16	8.3726e-09	-1.1048e-08	2.40108e-14	1.53358e-07	-2.21858e-08
-14.8495	8.04922e-16	6.11143e-09	-2.77051e-08	8.77581e-14	2.76312e-07	1.06817e-07
-14.5819	3.27602e-15	-1.23139e-08	-5.58963e-08	3.11696e-13	3.55099e-07	4.30814e-07
-14.3144	1.29539e-14	-6.91815e-08	-9.03762e-08	1.07582e-12	1.82424e-07	1.02105e-06
-14.0468	4.97597e-14	-1.98025e-07	-1.02693e-07	3.60837e-12	-6.25881e-07	1.7935e-06
-13.7793	1.85667e-13	-4.30599e-07	-1.58569e-08	1.17611e-11	-2.57265e-06	2.26771e-06
-13.5117	6.72871e-13	-7.53175e-07	3.2496e-07	3.72517e-11	-5.96943e-06	1.27187e-06
-13.2441	2.36827e-12	-1.01105e-06	1.1602e-06	1.14659e-10	-1.02213e-05	-3.19131e-06
-12.9766	8.09454e-12	-7.52392e-07	2.7438e-06	3.42955e-10	-1.26991e-05	-1.34792e-05
-12.709	2.68644e-11	9.48551e-07	5.09555e-06	9.96849e-10	-7.59856e-06	-3.06449e-05
-12.4415	8.65659e-11	5.54308e-06	7.47263e-06	2.81569e-09	1.41282e-05	-5.11477e-05
-12.1739	2.70809e-10	1.46276e-05	7.5395e-06	7.72866e-09	6.19559e-05	-6.23709e-05
-11.9064	8.22412e-10	2.86737e-05	4.81553e-07	2.06152e-08	0.000138139	-3.91518e-05
-11.6388	2.4243e-09	4.44466e-05	-2.11848e-05	5.34362e-08	0.000224735	5.41338e-05
-11.3712	6.93616e-09	5.11945e-05	-6.56908e-05	1.34601e-07	0.000268709	0.000249792
-11.1037	1.92597e-08	2.697e-05	-0.000136133	3.29475e-07	0.000174725	0.00054676
-10.8361	5.1897e-08	-6.14748e-05	-0.000219358	7.83721e-07	-0.000178695	0.000867058
-10.5686	1.35694e-07	-0.00024959	-0.000270923	1.81161e-06	-0.000883253	0.00101562
-10.301	3.44249e-07	-0.000550589	-0.000202734	4.06942e-06	-0.00190016	0.000677368
-10.0334	8.47307e-07	-0.00091353	0.000113006	8.88308e-06	-0.00293743	-0.000504593
-9.76589	2.02317e-06	-0.00117292	0.000804625	1.88434e-05	-0.00336805	-0.00273855
-9.49833	4.68611e-06	-0.00101698	0.00191098	3.88435e-05	-0.00228605	-0.00579806
-9.23077	1.05281e-05	-2.05336e-05	0.00324463	7.78111e-05	0.00120464	-0.00873842
-8.96321	2.29409e-05	0.00220592	0.00425145	0.000151471	0.00744381	-0.00980104
-8.69565	4.84801e-05	0.00572679	0.00396029	0.000286536	0.0155333	-0.00672709
-8.42809	9.93522e-05	0.00990091	0.00115078	0.000526738	0.0228271	0.0023795
-8.16054	0.000197434	0.0130709	-0.00515615	0.000940966	0.0250295	0.0177339
-7.89298	0.000380425	0.0125878	-0.0148987	0.00163349	0.0172815	0.0365355
-7.62542	0.0007107	0.00545073	-0.0260958	0.00275565	-0.0037102	0.052363
-7.35786	0.0012872	-0.0103183	-0.0343618	0.00451747	-0.0370188	0.0560988
-7.0903	0.00226007	-0.0338149	-0.0334159	0.00719664	-0.0754434	0.0387934
-6.82274	0.00384669	-0.0596421	-0.0170149	0.0111411	-0.105477	-0.00396881
-6.55518	0.0063462	-0.077645	0.0178173	0.0167607	-0.110359	-0.067687
-6.28763	0.0101479	-0.0750064	0.0672455	0.0245029	-0.0761532	-0.136761
-6.02007	0.0157272	-0.0409644	0.118529	0.0348104	0.000836208	-0.186574
-5.75251	0.0236219	0.026935	0.151316	0.0480578	0.108363	-0.190566
-5.48495	0.034383	0.117573	0.143387	0.0644737	0.217629	-0.130809
-5.21739	0.0484971	0.205183	0.079981	0.0840553	0.289804	-0.00830393
-4.94983	0.066284	0.254856	-0.0364997	0.106491	0.288861	0.151823
-4.68227	0.0877817	0.234466	-0.181128	0.131106	0.196711	0.303991
-4.41472	0.112637	0.129464	-0.309639	0.156855	0.0244497	0.395293
-4.14716	0.14003	-0.0457097	-0.371404	0.182363	-0.186048	0.384381
-3.8796	0.168659	-0.246027	-0.328831	0.206034	-0.372706	0.259083
-3.61204	0.196801	-0.407344	-0.175705	0.226206	-0.473471	0.0450683
-3.34448	0.222465	-0.468531	0.054252	0.241343	-0.449039	-0.199267
-3.07692	0.24361	-0.396181	0.294364	0.250224	-0.298966	-0.401053
-2.80936	0.258414	-0.201185	0.466839	0.252109	-0.0641083	-0.497995
-2.54181	0.265531	0.0612154	0.511648	0.246837	0.18637	-0.460547
-2.27425	0.264289	0.309514	0.410475	0.234853	0.378733	-0.302348
-2.00669	0.254799	0.465565	0.19506	0.217143	0.459948	-0.0747721
-1.73913	0.237939	0.483541	-0.0642444	0.195102	0.414712	0.15204
-1.47157	0.215217	0.365991	-0.285074	0.170349	0.268043	0.31385
-1.20401	0.188548	0.160517	-0.403463	0.144538	0.0733994	0.373029
-0.936455	0.159993	-0.0607289	-0.395354	0.119176	-0.108028	0.327881
-0.668896	0.131495	-0.22916	-0.281035	0.09549	-0.228204	0.208357
-0.401338	0.104676	-0.303412	-0.112325	0.0743518	-0.265655	0.0614765
-0.133779	0.0807073	-0.2796	0.0503108	0.0562587	-0.227612	-0.0667204
0.133779	0.0602715	-0.186023	0.160209	0.0413668	-0.142037	-0.145576
0.401338	0.0435961	-0.0669875	0.197759	0.0295582	-0.0442882	-0.166123
0.668896	0.0305439	0.0358844	0.171044	0.0205243	0.0357237	-0.138737
0.936455	0.0207277	0.0971093	0.10629	0.0138491	0.081463	-0.0849287
1.20401	0.013625	0.111616	0.0341593	0.00908112	0.0912152	-0.0275845
1.47157	0.00867548	0.0905508	-0.0218183	0.00578657	0.0742544	0.0165181
1.73913	0.00535098	0.0525299	-0.0509077	0.00358317	0.0445481	0.039983
2.00669	0.00319722	0.0149764	-0.0545246	0.00215614	0.0149058	0.0439768
2.27425	0.00185067	-0.0112511	-0.0415221	0.00126081	-0.00655813	0.034897
2.54181	0.00103782	-0.023039	-0.0225172	0.000716454	-0.0172091	0.0205013
2.80936	0.00056386	-0.0230525	-0.00569591	0.000395631	-0.018616	0.00700546
3.07692	0.000296828	-0.0165149	0.0049077	0.000212303	-0.0144012	-0.00221534
3.34448	0.000151407	-0.00840147	0.00899011	0.00011071	-0.0082786	-0.00649418
3.61204	7.48383e-05	-0.00190476	0.00843861	5.61021e-05	-0.00286878	-0.00691897
3.8796	3.58485e-05	0.00180745	0.00570803	2.76272e-05	0.000626648	-0.00521867
4.14716	1.66425e-05	0.00302229	0.00274012	1.32208e-05	0.00214821	-0.0029336
4.41472	7.48867e-06	0.00267648	0.000570192	6.14813e-06	0.00225775	-0.00102503
4.68227	3.26637e-06	0.00171811	-0.000560765	2.77839e-06	0.00166063	0.000143801
4.94983	1.38116e-06	0.000784784	-0.000874799	1.22013e-06	0.000912325	0.00062273
5.21739	5.66213e-07	0.000155746	-0.000736177	5.20695e-07	0.0003199	0.000646807
5.48495	2.25072e-07	-0.000145976	-0.000451401	2.15936e-07	-2.47333e-05	0.00046403
5.75251	8.6759e-08	-0.000217846	-0.000198247	8.70222e-08	-0.000158146	0.000249022
6.02007	3.24347e-08	-0.000175744	-3.93531e-05	3.408e-08	-0.000162674	8.72772e-05
6.28763	1.17614e-08	-0.000103733	3.16355e-05	1.29698e-08	-0.000113862	-2.29156e-06
6.55518	4.13732e-09	-4.43278e-05	4.66086e-05	4.79656e-09	-5.96616e-05	-3.51718e-05
6.82274	1.41203e-09	-9.21581e-06	3.64293e-05	1.72382e-09	-2.08299e-05	-3.59156e-05
7.0903	4.67619e-10	5.61681e-06	2.08823e-05	6.02027e-10	-3.19075e-07	-2.45342e-05
7.35786	1.50288e-10	8.54461e-06	8.7908e-06	2.04317e-10	6.84726e-06	-1.25472e-05
7.62542	4.68821e-11	6.55458e-06	1.97978e-06	6.73842e-11	6.96065e-06	-4.35127e-06
7.89298	1.41971e-11	3.68459e-06	-7.87947e-07	2.15961e-11	4.64222e-06	-2.14308e-07
8.16054	4.17416e-12	1.54626e-06	-1.33538e-06	6.72599e-12	2.31642e-06	1.16626e-06
8.42809	1.19175e-12	3.83741e-07	-1.022e-06	2.03564e-12	7.95945e-07	1.18411e-06
8.69565	3.30456e-13	-7.88389e-08	-5.69421e-07	5.98701e-13	6.12638e-08	7.71329e-07
8.96321	8.90076e-14	-1.76197e-07	-2.40753e-07	1.71113e-13	-1.7368e-07	3.75431e-07
9.23077	2.32914e-14	-1.37592e-07	-6.60289e-08	4.75247e-14	-1.76798e-07	1.27542e-07
9.49833	5.92231e-15	-7.68905e-08	3.18897e-09	1.28269e-14	-1.12541e-07	1.27018e-08
9.76589	1.46348e-15	-3.30541e-08	1.92591e-08	3.36423e-15	-5.34195e-08	-2.2596e-08
10.0334	3.51527e-16	-9.95828e-09	1.58858e-08	8.5746e-16	-1.79089e-08	-2.31675e-08
10.301	8.20878e-17	-7.19849e-10	9.03159e-09	2.12377e-16	-2.11314e-09	-1.44191e-08
10.5686	1.8639e-17	1.67298e-09	3.97997e-09	5.11168e-17	2.56567e-09	-6.67339e-09
10.8361	4.1159e-18	1.55377e-09	1.3045e-09	1.1956e-17	2.66413e-09	-2.20418e-09
11.1037	8.84058e-19	9.16124e-10	2.11601e-10	2.71749e-18	1.62225e-09	-2.92926e-10
11.3712	1.84734e-19	4.17353e-10	-1.02717e-10	6.00229e-19	7.31953e-10	2.53917e-10
11.6388	3.75609e-20	1.47418e-10	-1.25813e-10	1.28834e-19	2.37841e-10	2.68822e-10
11.9064	7.43233e-21	3.37569e-11	-7.93272e-11	2.68724e-20	3.44562e-11	1.60266e-10
12.1739	1.4315e-21	-2.1337e-12	-3.77749e-11	5.44687e-21	-2.18656e-11	7.04894e-11
12.4415	2.68418e-22	-8.02525e-12	-1.42833e-11	1.07288e-21	-2.37993e-11	2.2505e-11
12.709	4.90041e-23	-5.75088e-12	-3.99143e-12	2.05362e-22	-1.39029e-11	3.47453e-12
12.9766	8.71269e-24	-2.91507e-12	-4.63764e-13	3.8199e-23	-5.96046e-12	-1.63459e-12
13.2441	1.50968e-24	-1.17815e-12	3.48764e-13	6.90476e-24	-1.86766e-12	-1.8484e-12
13.5117	2.54696e-25	-3.76158e-13	3.36453e-13	1.21285e-24	-3.0226e-13	-1.05901e-12
13.7793	4.19184e-26	-8.00005e-14	1.88463e-13	2.0703e-25	1.05737e-13	-4.42549e-13
14.0468	6.73109e-27	2.53148e-15	8.20041e-14	3.43417e-26	1.25922e-13	-1.3596e-13
14.3144	1.03543e-27	1.44218e-14	2.87653e-14	5.53571e-27	7.08296e-14	-2.27788e-14
14.5819	1.57985e-28	9.76443e-15	7.91459e-15	8.67141e-28	2.8852e-14	5.89074e-15
14.8495	2.09123e-29	4.44347e-15	1.08065e-15	1.31999e-28	8.68316e-15	7.5234e-15
15.1171	3.50485e-30	1.84153e-15	-3.37074e-16	1.9526e-29	1.49144e-15	4.15952e-15
15.3846	1.65143e-31	3.92371e-16	-1.05772e-16	2.80687e-30	-2.80594e-16	1.65171e-15
15.6522	9.34005e-32	1.02063e-16	-2.88069e-16	3.92097e-31	-3.9414e-16	4.86571e-16
15.9197	3.1256e-31	5.21924e-16	2.00387e-16	5.32267e-32	-2.14473e-16	8.50194e-17
16.1873	2.5509e-31	4.19613e-17	5.03318e-16	7.0215e-33	-8.30303e-17	-1.12901e-17
16.4548	8.0276e-33	3.09864e-18	-8.95433e-17	9.00106e-34	-2.39256e-17	-1.81018e-17
16.7224	1.05558e-31	3.23323e-16	-3.19458e-17	1.1213e-34	-4.22614e-18	-9.70926e-18
16.99	3.00692e-34	3.71293e-18	1.69383e-17	1.35742e-35	3.75221e-19	-3.66516e-18
17.2575	5.37061e-32	2.64779e-18	-2.31731e-16	1.59687e-36	7.28649e-19	-1.03244e-18
17.5251	5.34478e-33	4.6435e-17	-5.64674e-17	1.82553e-37	3.85897e-19	-1.83403e-19
17.7926	2.11282e-32	-1.19183e-16	-8.32074e-17	2.02802e-38	1.42071e-19	9.80305e-21
18.0602	2.19087e-32	9.69648e-17	-1.11833e-16	2.18938e-39	3.91016e-20	2.56991e-20
18.3278	5.95324e-32	1.23312e-16	2.10539e-16	2.29685e-40	6.95527e-21	1.34651e-20
18.5953	4.70244e-32	-1.0339e-16	1.90617e-16	2.34157e-41	-1.73026e-22	4.83589e-21
18.8629	8.33312e-33	5.24111e-17	7.47409e-17	2.31978e-42	-7.93915e-22	1.2998e-21
19.1304	1.20313e-31	1.02946e-16	3.31233e-16	2.23332e-43	-4.1246e-22	2.3067e-22
19.398	1.15454e-31	-1.99155e-16	2.75303e-16	2.08939e-44	-1.44547e-22	-3.81107e-25
19.6656	1.79315e-32	-6.45398e-17	-1.17329e-16	1.89955e-45	-3.79265e-23	-2.14739e-23
19.9331	7.70285e-32	2.76211e-16	-2.71313e-17	1.67821e-46	-6.69424e-24	-1.10909e-23
20.2007	2.03684e-32	7.29215e-17	1.22682e-16	1.44081e-47	-1.1572e-25	-3.79403e-24
20.4682	3.52505e-32	-6.54909e-17	-1.75959e-16	1.20207e-48	5.08296e-25	-9.71443e-25
20.7358	4.16166e-32	1.09827e-16	-1.71915e-16	9.74577e-50	2.61781e-25	-1.70083e-25
21.0033	1.64812e-32	-1.08224e-16	6.90562e-17	7.67834e-51	8.74489e-26	-5.57091e-27
21.2709	1.12828e-31	-3.29506e-16	-6.52258e-17	5.87872e-52	2.18435e-26	1.0523e-26
21.5385	2.71968e-32	-1.5848e-16	-4.56168e-17	4.37383e-53	3.78488e-27	5.42338e-27
21.806	6.96503e-32	-1.96625e-16	1.76037e-16	3.16232e-54	1.71775e-28	1.76997e-27
22.0736	5.34501e-32	-2.26463e-16	4.65272e-17	2.22184e-55	-1.90398e-28	4.31199e-28
22.3411	7.18398e-33	8.09773e-17	2.50332e-17	1.51699e-56	-9.86121e-29	7.37942e-29
22.6087	5.97717e-32	1.10648e-16	2.18011e-16	1.00651e-57	-3.14584e-29	4.10876e-30
22.8763	3.36379e-33	1.2964e-17	5.65307e-17	6.4896e-59	-7.4731e-30	-3.00812e-30
23.1438	5.32046e-32	2.28605e-16	-3.07295e-17	4.06613e-60	-1.26096e-30	-1.57356e-30
23.4114	6.28619e-32	1.56795e-16	1.95646e-16	2.47576e-61	-8.07461e-32	-4.90974e-31
23.6789	2.83104e-32	-1.65332e-16	3.12367e-17	1.46487e-62	4.14509e-32	-1.13712e-31
23.9465	6.50794e-32	-7.91405e-18	-2.54984e-16	8.42275e-64	2.2034e-32	-1.88886e-32
24.214	3.08605e-32	1.67806e-16	-5.1976e-17	4.70623e-65	6.72867e-33	-1.33688e-33
24.4816	3.91889e-33	-6.25569e-17	-2.35039e-18	2.55538e-66	1.51919e-33	4.97427e-34
24.7492	9.87343e-32	5.15772e-17	-3.09958e-16	1.34835e-67	2.48089e-34	2.70715e-34
25.0167	2.28669e-31	4.55793e-16	-1.44642e-16	6.91375e-69	1.88959e-35	8.09734e-35
25.2843	1.30269e-31	2.5955e-16	2.50804e-16	3.44499e-70	-5.18817e-36	1.78208e-35
25.5518	2.82444e-32	-1.67127e-16	1.76856e-17	1.66812e-71	-2.91805e-36	2.85765e-36
25.8194	1.41759e-31	-2.84702e-17	-3.75431e-16	7.84928e-73	-8.55639e-37	2.29805e-37
26.087	9.30938e-32	1.97141e-16	-2.32872e-16	3.58919e-74	-1.83554e-37	-4.69026e-38
26.3545	7.7704e-34	-1.47165e-17	-2.36741e-17	1.59488e-75	-2.88718e-38	-2.75916e-38
26.6221	5.5948e-32	-2.04314e-16	-1.1918e-16	6.88687e-77	-2.41684e-39	-7.93899e-39
26.8896	3.9845e-32	-1.5966e-16	-1.19807e-16	2.88989e-78	3.66077e-40	-1.66008e-39
27.1572	6.07407e-32	-2.46456e-16	-1.12909e-19	1.17843e-79	2.28822e-40	-2.55897e-40
27.4247	1.41707e-31	-3.5479e-16	-1.2582e-16	4.66971e-81	6.46781e-41	-2.20556e-41
27.6923	9.79515e-32	-1.24636e-16	-2.87084e-16	1.79821e-82	1.31836e-41	2.45239e-42
27.9599	3.87846e-32	1.70597e-16	-9.83933e-17	6.72907e-84	1.98992e-42	1.66412e-42
28.2274	4.92202e-32	1.21939e-16	1.8534e-16	2.447e-85	1.75078e-43	4.62652e-43
28.495	3.90057e-32	-7.21684e-17	1.83841e-16	8.6472e-87	-1.39688e-44	9.19352e-44
28.7625	9.1668e-33	-8.67022e-17	4.06145e-17	2.96949e-88	-1.06108e-44	1.35779e-44
29.0301	8.97691e-35	-8.15114e-18	4.82991e-18	9.90951e-90	-2.90566e-45	1.21105e-45
29.2977	6.70667e-34	1.26449e-17	2.26003e-17	3.21356e-91	-5.62963e-46	-6.65461e-47
29.5652	1.80138e-33	3.09173e-17	2.90775e-17	1.01271e-92	-8.13017e-47	-5.93053e-47
29.8328	1.02453e-32	4.60945e-17	9.01143e-17	3.10132e-94	-7.30968e-48	-1.60219e-47
30.1003	2.30436e-32	-3.06304e-17	1.48679e-16	9.2294e-96	2.56505e-49	-3.02714e-48
30.3679	1.83001e-32	-1.10836e-16	7.75591e-17	2.66909e-97	2.9047e-49	-4.27243e-49
30.6355	2.13695e-33	-3.63555e-17	-2.85521e-17	7.50097e-99	7.75612e-50	-3.85388e-50
30.903	9.81335e-33	9.81293e-17	1.35644e-17	2.0485e-100	1.42937e-50	7.3542e-52
31.1706	2.16499e-32	8.27806e-17	1.21644e-16	5.43648e-102	1.97056e-51	1.24634e-51
31.4381	5.17408e-33	-2.12287e-17	6.87271e-17	1.40205e-103	1.77633e-52	3.29623e-52
31.7057	1.17436e-32	3.42722e-17	-1.02806e-16	3.51377e-105	-1.08339e-54	5.92672e-53
31.9732	7.34955e-32	2.47467e-16	-1.10704e-16	8.55752e-107	-4.68318e-54	7.97765e-54
32.2408	1.14929e-31	3.1806e-16	1.17331e-16	2.02528e-108	-1.22974e-54	7.16249e-55
32.5084	9.44596e-32	8.31993e-17	2.95867e-16	4.65787e-110	-2.15797e-55	3.20481e-57
32.7759	7.97304e-32	-2.29069e-16	1.65099e-16	1.04101e-111	-2.83503e-56	-1.54035e-56
33.0435	1.08576e-31	-2.86863e-16	-1.62128e-16	2.26091e-113	-2.52789e-57	-4.02727e-57
33.311	1.26497e-31	-5.72851e-17	-3.51021e-16	4.77174e-115	-3.31292e-59	-6.89983e-58
33.5786	9.61445e-32	1.92083e-16	-2.4341e-16	9.78667e-117	4.43241e-59	-8.84423e-59
33.8462	5.12763e-32	2.2636e-16	6.13381e-18	1.95055e-118	1.15766e-59	-7.81269e-60
34.1137	2.81525e-32	6.98295e-17	1.52566e-16	3.77783e-120	1.93727e-60	-1.57469e-61
34.3813	2.11139e-32	-8.71039e-17	1.16305e-16	7.11036e-122	2.42217e-61	1.11511e-61
34.6488	1.31852e-32	-1.14752e-16	4.15479e-18	1.30049e-123	2.11522e-62	2.92074e-62
34.9164	4.23569e-33	-4.07667e-17	-5.07323e-17	2.31144e-125	5.48009e-64	4.77641e-63
35.1839	1.19804e-33	3.04116e-17	-1.65281e-17	3.99231e-127	-2.45077e-64	5.82382e-64
35.4515	3.60996e-33	3.68352e-17	4.74671e-17	6.70085e-129	-6.46719e-65	5.01836e-65
35.7191	5.93599e-33	-4.53006e-18	7.69121e-17	1.09295e-130	-1.03411e-65	1.535e-66
35.9866	5.32484e-33	-4.31226e-17	5.88666e-17	1.73234e-132	-1.22939e-66	-4.70051e-67
36.2542	2.97291e-33	-4.96824e-17	2.24626e-17	2.66827e-134	-1.0436e-67	-1.25665e-67
36.5217	9.6273e-34	-3.10154e-17	-8.78788e-19	3.99385e-136	-3.58744e-69	-1.966e-68
36.7893	1.03545e-34	-9.89394e-18	-2.37803e-18	5.80921e-138	7.85732e-70	-2.27856e-69
37.0569	5.37095e-35	-1.24619e-18	7.22194e-18	8.2112e-140	2.14261e-70	-1.90274e-70
37.3244	2.16791e-34	-4.61338e-18	1.39824e-17	1.12787e-141	3.28205e-71	-7.1196e-72
37.592	2.73345e-34	-1.11778e-17	1.21821e-17	1.50549e-143	3.70798e-72	1.14271e-72
37.8595	2.07785e-34	-1.35905e-17	4.80463e-18	1.9528e-145	3.04214e-73	3.20522e-73
38.1271	1.12224e-34	-1.03637e-17	-2.1952e-18	2.46152e-147	1.2118e-74	4.81111e-74
38.3946	4.45203e-35	-4.35407e-18	-5.05593e-18	3.01518e-149	-1.44247e-75	5.29821e-75
38.6622	1.43642e-35	8.77493e-19	-3.68703e-18	3.5891e-151	-4.20633e-76	4.26589e-76
38.9298	1.22513e-35	3.48989e-18	-2.6825e-19	4.15167e-153	-6.19264e-77	1.77986e-77
39.1973	2.12927e-35	3.6511e-18	2.82173e-18	4.66685e-155	-6.64733e-78	-1.57527e-78
39.4649	2.45178e-35	2.5495e-18	4.24474e-18	5.09787e-157	-5.24731e-79	-4.84194e-79
39.7324	1.65443e-35	1.31415e-18	3.84933e-18	5.4115e-159	-2.2651e-80	-6.99888e-80
40	5.04742e-36	4.79469e-19	2.19489e-18	5.58227e-161	1.48111e-81	-7.32318e-81
