-40	8.94621e-46	-2.40883e-23	1.77307e-23	1.55409e-79	1.78199e-40	-3.51645e-40
-39.7324	8.01479e-45	-6.56924e-23	6.08218e-23	3.80175e-78	9.16463e-40	-1.721e-39
-39.4649	5.45821e-44	-1.47386e-22	1.81272e-22	9.0376e-77	4.63765e-39	-8.29869e-39
-39.1973	3.42942e-43	-2.97014e-22	5.04703e-22	2.08779e-75	2.30946e-38	-3.94263e-38
-38.9298	2.03214e-42	-5.25288e-22	1.32522e-21	4.6869e-74	1.1319e-37	-1.84546e-37
-38.6622	1.13687e-41	-7.36443e-22	3.29034e-21	1.02246e-72	5.46047e-37	-8.51056e-37
-38.3946	5.99456e-41	-4.66931e-22	7.72836e-21	2.16757e-71	2.59312e-36	-3.86671e-36
-38.1271	2.97265e-40	1.76292e-21	1.7151e-20	4.46544e-70	1.21233e-35	-1.73081e-35
-37.8595	1.3829e-39	9.86484e-21	3.58551e-20	8.9396e-69	5.5803e-35	-7.63258e-35
-37.592	6.01818e-39	3.29212e-20	7.02451e-20	1.73915e-67	2.52909e-34	-3.3159e-34
-37.3244	2.44192e-38	8.98122e-20	1.27879e-19	3.2879e-66	1.12867e-33	-1.41916e-33
-37.0569	9.20221e-38	2.15746e-19	2.13251e-19	6.04038e-65	4.96007e-33	-5.98343e-33
-36.7893	3.20552e-37	4.68921e-19	3.17278e-19	1.07839e-63	2.14661e-32	-2.48514e-32
-36.5217	1.02617e-36	9.31807e-19	3.97371e-19	1.87089e-62	9.14919e-32	-1.01677e-31
-36.2542	2.9967e-36	1.69573e-18	3.48142e-19	3.15418e-61	3.84056e-31	-4.09779e-31
-35.9866	7.90665e-36	2.81174e-18	-2.76212e-20	5.16759e-60	1.58784e-30	-1.62676e-30
-35.7191	1.86066e-35	4.19129e-18	-1.01966e-18	8.22723e-59	6.46596e-30	-6.3611e-30
-35.4515	3.83768e-35	5.45798e-18	-2.93041e-18	1.27287e-57	2.59353e-29	-2.44996e-29
-35.1839	6.78121e-35	5.79812e-18	-5.84755e-18	1.91371e-56	1.02469e-28	-9.29369e-29
-34.9164	1.0062e-34	3.93308e-18	-9.22772e-18	2.79599e-55	3.98795e-28	-3.47219e-28
-34.6488	1.31474e-34	-1.59211e-18	-1.13551e-17	3.96969e-54	1.52889e-27	-1.27758e-27
-34.3813	2.14915e-34	-1.16204e-17	-8.93761e-18	5.47699e-53	5.77403e-27	-4.62931e-27
-34.1137	6.37844e-34	-2.51136e-17	2.67404e-18	7.34331e-52	2.14818e-26	-1.65186e-26
-33.8462	2.22365e-33	-3.78694e-17	2.8099e-17	9.56765e-51	7.87337e-26	-5.80401e-26
-33.5786	6.57505e-33	-4.22471e-17	6.92115e-17	1.21139e-49	2.84287e-25	-2.00798e-25
-33.311	1.57112e-32	-2.91446e-17	1.21909e-16	1.49047e-48	1.01127e-24	-6.83966e-25
-33.0435	3.04761e-32	7.26109e-18	1.74423e-16	1.78209e-47	3.54404e-24	-2.29362e-24
-32.7759	4.80346e-32	6.34681e-17	2.09777e-16	2.07061e-46	1.22365e-23	-7.57158e-24
-32.5084	6.07775e-32	1.23205e-16	2.13537e-16	2.33794e-45	4.16249e-23	-2.46029e-23
-32.2408	5.99391e-32	1.613e-16	1.84177e-16	2.56525e-44	1.39505e-22	-7.86826e-23
-31.9732	4.37953e-32	1.56418e-16	1.39028e-16	2.73521e-43	4.6065e-22	-2.47635e-22
-31.7057	2.31546e-32	1.06999e-16	1.08194e-16	2.83411e-42	1.49867e-21	-7.66883e-22
-31.4381	1.48162e-32	3.81849e-17	1.15577e-16	2.85368e-41	4.80391e-21	-2.3365e-21
-31.1706	2.51929e-32	-1.08497e-17	1.58352e-16	2.79228e-40	1.51721e-20	-7.00247e-21
-30.903	4.181e-32	-1.5721e-17	2.0387e-16	2.65507e-39	4.72132e-20	-2.06395e-20
-30.6355	4.60269e-32	1.00409e-17	2.14304e-16	2.45334e-38	1.4476e-19	-5.98156e-20
-30.3679	3.44195e-32	2.35519e-17	1.84024e-16	2.20294e-37	4.37328e-19	-1.70406e-19
-30.1003	2.35187e-32	-4.85551e-18	1.53281e-16	1.92226e-36	1.30179e-18	-4.77068e-19
-29.8328	3.2403e-32	-5.11543e-17	1.72587e-16	1.62999e-35	3.81817e-18	-1.31204e-18
-29.5652	5.98487e-32	-4.88199e-17	2.39719e-16	1.34314e-34	1.10345e-17	-3.54322e-18
-29.2977	7.7235e-32	4.02616e-17	2.7498e-16	1.07553e-33	3.14219e-17	-9.39111e-18
-29.0301	5.85292e-32	1.5845e-16	1.82819e-16	8.36927e-33	8.8166e-17	-2.44137e-17
-28.7625	3.25631e-32	1.76552e-16	-3.7319e-17	6.32873e-32	2.43758e-16	-6.22038e-17
-28.495	5.96859e-32	2.55534e-17	-2.42967e-16	4.65061e-31	6.64062e-16	-1.55185e-16
-28.2274	8.50962e-32	-1.60504e-16	-2.43587e-16	3.32098e-30	1.78259e-15	-3.78618e-16
-27.9599	1.81263e-34	-4.68506e-18	1.26219e-17	2.30456e-29	4.71509e-15	-9.01936e-16
-27.6923	1.269e-30	1.08689e-15	2.96108e-16	1.55408e-28	1.22892e-14	-2.09335e-15
-27.4247	1.68964e-29	4.11051e-15	8.60155e-18	1.01841e-27	3.15615e-14	-4.71962e-15
-27.1572	1.33252e-28	1.13276e-14	-2.22201e-15	6.48535e-27	7.98713e-14	-1.02922e-14
-26.8896	9.13387e-28	2.84117e-14	-1.03036e-14	4.01338e-26	1.9917e-13	-2.15682e-14
-26.6221	6.03779e-27	6.87844e-14	-3.61456e-14	2.41352e-25	4.89393e-13	-4.29743e-14
-26.3545	3.9208e-26	1.6166e-13	-1.14343e-13	1.41044e-24	1.18493e-12	-7.98706e-14
-26.087	2.49012e-25	3.65798e-13	-3.39417e-13	8.00984e-24	2.82704e-12	-1.33025e-13
-25.8194	1.5389e-24	7.89136e-13	-9.57166e-13	4.42035e-23	6.64619e-12	-1.77739e-13
-25.5518	9.23537e-24	1.60358e-12	-2.58145e-12	2.37057e-22	1.53963e-11	-9.93561e-14
-25.2843	5.37994e-23	3.00646e-12	-6.69034e-12	1.23542e-21	3.51451e-11	4.86098e-13
-25.0167	3.04219e-22	4.97119e-12	-1.67185e-11	6.25659e-21	7.90526e-11	2.69782e-12
-24.7492	1.66985e-21	6.34679e-12	-4.03679e-11	3.07912e-20	1.75215e-10	9.54058e-12
-24.4816	8.89635e-21	2.18132e-12	-9.42952e-11	1.47258e-19	3.82672e-10	2.86314e-11
-24.214	4.59989e-20	-2.34168e-11	-2.13191e-10	6.84377e-19	8.23543e-10	7.84429e-11
-23.9465	2.30802e-19	-1.14944e-10	-4.66466e-10	3.09083e-18	1.74641e-09	2.02165e-10
-23.6789	1.1237e-18	-3.86716e-10	-9.86988e-10	1.3565e-17	3.64929e-09	4.97643e-10
-23.4114	5.30804e-18	-1.11434e-09	-2.0165e-09	5.78533e-17	7.51399e-09	1.18035e-09
-23.1438	2.43253e-17	-2.92877e-09	-3.96833e-09	2.39773e-16	1.52451e-08	2.71273e-09
-22.8763	1.08139e-16	-7.21109e-09	-7.49264e-09	9.65687e-16	3.04782e-08	6.06349e-09
-22.6087	4.66313e-16	-1.68637e-08	-1.34881e-08	3.77952e-15	6.00404e-08	1.32161e-08
-22.3411	1.95031e-15	-3.77568e-08	-2.29071e-08	1.43748e-14	1.16545e-07	2.81437e-08
-22.0736	7.91104e-15	-8.13342e-08	-3.5997e-08	5.31286e-14	2.22913e-07	5.86392e-08
-21.806	3.11198e-14	-1.69107e-07	-5.02238e-08	1.90819e-13	4.20115e-07	1.19676e-07
-21.5385	1.18709e-13	-3.4006e-07	-5.53912e-08	6.66004e-13	7.8017e-07	2.39454e-07
-21.2709	4.39089e-13	-6.62231e-07	-2.32095e-08	2.2589e-12	1.42757e-06	4.70044e-07
-21.0033	1.57477e-12	-1.24976e-06	1.13486e-07	7.44527e-12	2.57389e-06	9.05747e-07
-20.7358	5.47595e-12	-2.28607e-06	4.99828e-07	2.38467e-11	4.57259e-06	1.71409e-06
-20.4682	1.84611e-11	-4.05211e-06	1.42883e-06	7.42233e-11	8.00413e-06	3.18704e-06
-20.2007	6.03391e-11	-6.95433e-06	3.4607e-06	2.245e-10	1.38051e-05	5.82395e-06
-19.9331	1.91191e-10	-1.15397e-05	7.61747e-06	6.59866e-10	2.34606e-05	1.04627e-05
-19.6656	5.87286e-10	-1.84719e-05	1.56868e-05	1.88478e-09	3.92829e-05	1.84832e-05
-19.398	1.7488e-09	-2.84228e-05	3.06748e-05	5.23151e-09	6.48087e-05	3.21147e-05
-19.1304	5.04813e-09	-4.18056e-05	5.74493e-05	1.4111e-08	0.000105347	5.48915e-05
-18.8629	1.41259e-08	-5.8238e-05	0.000103606	3.69875e-08	0.000168719	9.23105e-05
-18.5953	3.83176e-08	-7.55817e-05	0.000180569	9.42138e-08	0.000266231	0.000152758
-18.3278	1.00757e-07	-8.83605e-05	0.000304876	2.33205e-07	0.000413901	0.00024878
-18.0602	2.56831e-07	-8.53278e-05	0.00049955	5.60952e-07	0.000633976	0.000398781
-17.7926	6.34637e-07	-4.59452e-05	0.000795315	1.31122e-06	0.000956713	0.000629226
-17.5251	1.52024e-06	6.44208e-05	0.0012313	2.97847e-06	0.00142238	0.00097739
-17.2575	3.53038e-06	0.000300669	0.00185472	6.57464e-06	0.00208339	0.0014947
-16.99	7.94807e-06	0.000745383	0.00271891	1.41031e-05	0.00300632	0.00225059
-16.7224	1.73479e-05	0.00151709	0.00387897	2.93983e-05	0.0042737	0.00333674
-16.4548	3.6711e-05	0.00277854	0.0053843	5.95517e-05	0.00598503	0.00487146
-16.1873	7.53222e-05	0.00474381	0.00726763	0.000117228	0.00825684	0.00700372
-15.9197	0.000149847	0.00768248	0.0095303	0.000224248	0.0112211	0.00991638
-15.6522	0.000289063	0.011919	0.0121243	0.000416862	0.0150218	0.0138278
-15.3846	0.000540725	0.0178253	0.0149326	0.000753042	0.0198089	0.0189908
-15.1171	0.000980898	0.0258042	0.0177494	0.00132194	0.0257298	0.0256888
-14.8495	0.00172568	0.0362636	0.020264	0.0022551	0.0329184	0.0342269
-14.5819	0.00294448	0.0495805	0.0220511	0.00373839	0.0414811	0.0449189
-14.3144	0.004873	0.0660565	0.0225728	0.00602238	0.051482	0.0580687
-14.0468	0.00782258	0.0858685	0.0211938	0.0094279	0.062927	0.0739466
-13.7793	0.0121814	0.109019	0.0172135	0.0143425	0.0757486	0.0927614
-13.5117	0.018402	0.135291	0.00991528	0.0212032	0.0897941	0.114631
-13.2441	0.0269701	0.16422	-0.00136985	0.0304607	0.104817	0.139549
-12.9766	0.0383511	0.195079	-0.0171889	0.0425249	0.120477	0.167362
-12.709	0.052915	0.226891	-0.0378895	0.0576912	0.136343	0.197742
-12.4415	0.0708458	0.258471	-0.0635489	0.0760572	0.151911	0.230174
-12.1739	0.0920475	0.288491	-0.0939175	0.0974396	0.166625	0.263962
-11.9064	0.116065	0.315565	-0.128388	0.121309	0.179905	0.298234
-11.6388	0.142039	0.338355	-0.165997	0.146763	0.191188	0.33198
-11.3712	0.168718	0.355674	-0.205459	0.172545	0.199958	0.364091
-11.1037	0.19453	0.366589	-0.245239	0.197131	0.205793	0.393421
-10.8361	0.217726	0.370498	-0.28365	0.218861	0.208387	0.418851
-10.5686	0.236571	0.367185	-0.318978	0.236128	0.207582	0.43936
-10.301	0.249554	0.356834	-0.349604	0.247566	0.203382	0.454094
-10.0334	0.255588	0.340018	-0.374134	0.25223	0.195951	0.462421
-9.76589	0.254167	0.317641	-0.391499	0.249728	0.185604	0.463982
-9.49833	0.245426	0.290861	-0.401031	0.240271	0.172788	0.458711
-9.23077	0.230127	0.260995	-0.402503	0.224647	0.158045	0.446843
-8.96321	0.209548	0.229413	-0.396129	0.204109	0.141978	0.428896
-8.69565	0.185307	0.197439	-0.382524	0.180214	0.125207	0.405632
-8.42809	0.159151	0.166265	-0.362638	0.154625	0.108333	0.378006
-8.16054	0.132757	0.136887	-0.337667	0.128924	0.0919003	0.3471
-7.89298	0.107561	0.110063	-0.308946	0.10446	0.076369	0.314051
-7.62542	0.0846494	0.0862979	-0.277853	0.0822496	0.0620995	0.279988
-7.35786	0.0647111	0.0658526	-0.245712	0.0629333	0.0493417	0.245965
-7.0903	0.048055	0.0487692	-0.213721	0.046794	0.0382366	0.212913
-6.82274	0.0346672	0.0349111	-0.182889	0.0338115	0.028825	0.181606
-6.55518	0.0242961	0.0240081	-0.154012	0.0237412	0.0210626	0.152635
-6.28763	0.0165427	0.0157038	-0.127656	0.0161996	0.0148377	0.12641
-6.02007	0.0109432	0.0095986	-0.104168	0.0107416	0.0099921	0.103159
-5.75251	0.00703336	0.00528645	-0.0836983	0.00692151	0.00633971	0.0829537
-5.48495	0.00439215	0.00238268	-0.0662305	0.00433406	0.00368429	0.0657304
-5.21739	0.00266502	0.000543057	-0.051621	0.00263726	0.00183345	0.0513215
-4.94983	0.00157125	-0.000525565	-0.0396356	0.00155946	0.000609153	0.0394853
-4.68227	0.000900173	-0.00106161	-0.0299841	0.000896108	-0.000145403	0.0299347
-4.41472	0.000501131	-0.0012505	-0.022351	0.000500392	-0.000562325	0.0223624
-4.14716	0.000271103	-0.00122995	-0.0164192	0.000271534	-0.000748255	0.0164613
-3.8796	0.000142523	-0.00109729	-0.0118878	0.000143186	-0.000785694	0.0119402
-3.61204	7.28145e-05	-0.000917446	-0.00848368	7.33742e-05	-0.000735681	0.00853422
-3.34448	3.61526e-05	-0.000730676	-0.00596814	3.65384e-05	-0.000641188	0.00601059
-3.07692	1.74447e-05	-0.000559461	-0.00413904	1.76815e-05	-0.000530748	0.00417131
-2.80936	8.18082e-06	-0.000414193	-0.00283006	8.31481e-06	-0.000421903	0.00285251
-2.54181	3.72865e-06	-0.000297616	-0.0019079	3.79971e-06	-0.000324259	0.00192212
-2.27425	1.65172e-06	-0.000208087	-0.00126824	1.68738e-06	-0.000242019	0.00127625
-2.00669	7.11154e-07	-0.000141823	-0.000831288	7.28177e-07	-0.000175959	0.000834995
-1.73913	2.97605e-07	-9.43414e-05	-0.000537313	3.0537e-07	-0.000124891	0.000538305
-1.47157	1.21053e-07	-6.13042e-05	-0.000342484	1.24446e-07	-8.66809e-05	0.000341953
-1.20401	4.78612e-08	-3.8936e-05	-0.000215279	4.9283e-08	-5.89017e-05	0.000214041
-0.936455	1.83937e-08	-2.4178e-05	-0.000133451	1.89661e-08	-3.92256e-05	0.000132013
-0.668896	6.87136e-09	-1.46802e-05	-8.15834e-05	7.09291e-09	-2.56203e-05	8.02278e-05
-0.401338	2.49526e-09	-8.71417e-06	-4.91866e-05	2.57771e-09	-1.64228e-05	4.80416e-05
-0.133779	8.80841e-10	-5.05525e-06	-2.92453e-05	9.10347e-10	-1.03367e-05	2.83461e-05
0.133779	3.02272e-10	-2.8642e-06	-1.71484e-05	3.12424e-10	-6.39106e-06	1.64796e-05
0.401338	1.00839e-10	-1.5834e-06	-9.91624e-06	1.04195e-10	-3.88309e-06	9.44014e-06
0.668896	3.27038e-11	-8.5289e-07	-5.65476e-06	3.37684e-11	-2.31914e-06	5.32822e-06
0.936455	1.03114e-11	-4.46724e-07	-3.17991e-06	1.06351e-11	-1.36187e-06	2.96317e-06
1.20401	3.16082e-12	-2.26864e-07	-1.76334e-06	3.25486e-12	-7.86506e-07	1.62366e-06
1.47157	9.42009e-13	-1.11223e-07	-9.64177e-07	9.68032e-13	-4.46795e-07	8.76588e-07
1.73913	2.72958e-13	-5.2288e-08	-5.1983e-07	2.79776e-13	-2.49706e-07	4.66286e-07
2.00669	7.69012e-14	-2.33096e-08	-2.76329e-07	7.85771e-14	-1.37319e-07	2.44378e-07
2.27425	2.1066e-14	-9.65357e-09	-1.4482e-07	2.14459e-14	-7.43136e-08	1.26188e-07
2.54181	5.61116e-15	-3.5538e-09	-7.48233e-08	5.68798e-15	-3.95816e-08	6.41971e-08
2.80936	1.45332e-15	-1.02338e-09	-3.81087e-08	1.466e-15	-2.07516e-08	3.21772e-08
3.07692	3.66034e-16	-9.02314e-11	-1.91318e-08	3.67177e-16	-1.07099e-08	1.58895e-08
3.34448	8.96496e-17	1.79339e-10	-9.46665e-09	8.93677e-17	-5.44158e-09	7.73026e-09
3.61204	2.13529e-17	2.03881e-10	-4.61642e-09	2.11373e-17	-2.72213e-09	3.70504e-09
3.8796	4.9461e-18	1.5749e-10	-2.2184e-09	4.85827e-18	-1.3408e-09	1.74944e-09
4.14716	1.11425e-18	1.04507e-10	-1.0504e-09	1.08512e-18	-6.50308e-10	8.1377e-10
4.41472	2.44138e-19	6.35751e-11	-4.89996e-10	2.35526e-19	-3.10597e-10	3.72902e-10
4.68227	5.20281e-20	3.64435e-11	-2.25167e-10	4.9678e-20	-1.4609e-10	1.68332e-10
4.94983	1.07847e-20	1.99685e-11	-1.01912e-10	1.01825e-20	-6.76723e-11	7.48527e-11
5.21739	2.17452e-21	1.05455e-11	-4.54237e-11	2.02817e-21	-3.08734e-11	3.27873e-11
5.48495	4.26509e-22	5.39662e-12	-1.99345e-11	3.92574e-22	-1.38727e-11	1.41465e-11
5.75251	8.13781e-23	2.68546e-12	-8.61199e-12	7.38418e-23	-6.1398e-12	6.01205e-12
6.02007	1.51079e-23	1.30298e-12	-3.66198e-12	1.34973e-23	-2.67657e-12	2.5166e-12
6.28763	2.72875e-24	6.17592e-13	-1.5321e-12	2.39748e-24	-1.14934e-12	1.03754e-12
6.55518	4.80074e-25	2.86272e-13	-6.3097e-13	4.13836e-25	-4.86159e-13	4.2129e-13
6.82274	8.22916e-26	1.30301e-13	-2.55564e-13	6.94168e-26	-2.0257e-13	1.6847e-13
7.0903	1.37108e-26	5.8278e-14	-1.0156e-13	1.13153e-26	-8.3148e-14	6.63451e-14
7.35786	2.24405e-27	2.59048e-14	-3.96609e-14	1.79238e-27	-3.36216e-14	2.57287e-14
7.62542	3.61805e-28	1.13905e-14	-1.52336e-14	2.75904e-28	-1.33932e-14	9.8248e-15
7.89298	5.60824e-29	5.0058e-15	-5.56995e-15	4.12714e-29	-5.256e-15	3.69404e-15
8.16054	7.47703e-30	2.36719e-15	-1.36874e-15	5.99937e-30	-2.03209e-15	1.36748e-15
8.42809	1.66359e-30	1.27457e-15	1.97645e-16	8.47473e-31	-7.74019e-16	4.98365e-16
8.69565	6.42927e-31	7.24048e-16	3.44502e-16	1.16335e-31	-2.90463e-16	1.78792e-16
8.96321	3.92605e-31	4.0557e-16	4.77617e-16	1.55188e-32	-1.0739e-16	6.31361e-17
9.23077	7.1757e-31	-1.79592e-16	8.27838e-16	2.01173e-33	-3.91183e-17	2.19429e-17
9.49833	1.44136e-31	-3.23425e-16	1.98828e-16	2.53423e-34	-1.40392e-17	7.50491e-18
9.76589	1.31869e-31	2.75292e-16	-2.36819e-16	3.10232e-35	-4.9643e-18	2.52566e-18
10.0334	3.61721e-32	1.0643e-16	-1.57622e-16	3.69055e-36	-1.72954e-18	8.3621e-19
10.301	1.94864e-31	5.41304e-17	-4.38103e-16	4.26637e-37	-5.93695e-19	2.72329e-19
10.5686	5.62927e-31	4.96048e-16	-5.62906e-16	4.79281e-38	-2.00799e-19	8.72222e-20
10.8361	1.28695e-30	7.90574e-16	-8.13599e-16	5.23222e-39	-6.69162e-20	2.74672e-20
11.1037	1.45562e-30	9.26278e-16	-7.73065e-16	5.55068e-40	-2.19722e-20	8.50242e-21
11.3712	4.85081e-31	4.84027e-16	-5.00798e-16	5.72229e-41	-7.10872e-21	2.5863e-21
11.6388	4.70751e-31	4.30095e-16	-5.34573e-16	5.73268e-42	-2.26616e-21	7.72799e-22
11.9064	5.8571e-31	7.44654e-16	-1.76638e-16	5.58097e-43	-7.1182e-22	2.26735e-22
12.1739	1.63676e-31	3.97711e-16	-7.41712e-17	5.27989e-44	-2.20311e-22	6.52841e-23
12.4415	1.72618e-31	2.3805e-16	-3.40515e-16	4.85406e-45	-6.71877e-23	1.84357e-23
12.709	9.71106e-32	3.08537e-16	4.37649e-17	4.33659e-46	-2.01898e-23	5.10194e-24
12.9766	5.80433e-32	7.37843e-18	2.40809e-16	3.76492e-47	-5.97816e-24	1.38231e-24
13.2441	2.43718e-32	-1.21093e-16	-9.85305e-17	3.17635e-48	-1.7442e-24	3.66205e-25
13.5117	7.69724e-33	-6.22905e-17	-6.1783e-17	2.60413e-49	-5.01442e-25	9.4705e-26
13.7793	1.02934e-32	-5.10202e-17	8.76944e-17	2.07474e-50	-1.4205e-25	2.38553e-26
14.0468	7.23931e-33	3.77934e-17	-7.62297e-17	1.6063e-51	-3.96517e-26	5.83467e-27
14.3144	1.73394e-32	6.2901e-17	-1.15684e-16	1.20852e-52	-1.09064e-26	1.37949e-27
14.5819	2.524e-32	-2.9055e-17	1.56191e-16	8.83579e-54	-2.95597e-27	3.13115e-28
14.8495	8.66505e-32	-1.83913e-16	2.29841e-16	6.2777e-55	-7.89442e-28	6.74629e-29
15.1171	7.45155e-32	-2.71451e-16	-2.88107e-17	4.33431e-56	-2.07751e-28	1.35157e-29
15.3846	4.48379e-32	-1.99883e-16	6.98908e-17	2.90806e-57	-5.38726e-29	2.40877e-30
15.6522	2.43422e-31	-2.77127e-16	4.08195e-16	1.89605e-58	-1.37656e-29	3.35936e-31
15.9197	2.18169e-31	-4.35546e-16	1.68726e-16	1.20133e-59	-3.46599e-30	1.4265e-32
16.1873	9.43073e-32	-2.3663e-16	-1.95738e-16	7.39668e-61	-8.59927e-31	-1.39043e-32
16.4548	5.30304e-33	7.27181e-17	-3.88812e-18	4.42564e-62	-2.10232e-31	-7.66661e-33
16.7224	3.67133e-32	9.02535e-17	1.69019e-16	2.57323e-63	-5.06454e-32	-2.87643e-33
16.99	4.32988e-33	-2.2608e-17	-6.17961e-17	1.45394e-64	-1.20222e-32	-9.27761e-34
17.2575	8.47004e-32	-5.12196e-17	-2.86491e-16	7.98321e-66	-2.81209e-33	-2.74487e-34
17.5251	7.18227e-32	3.374e-17	-2.65865e-16	4.25964e-67	-6.48152e-34	-7.65661e-35
17.7926	5.92985e-33	6.71691e-17	-3.76584e-17	2.20867e-68	-1.47206e-34	-2.04246e-35
18.0602	1.44767e-32	-9.59383e-17	7.26125e-17	1.1129e-69	-3.29438e-35	-5.25399e-36
18.3278	3.03541e-32	-6.58369e-17	-1.61306e-16	5.44931e-71	-7.26474e-36	-1.31022e-36
18.5953	9.24442e-32	2.5667e-16	-1.62986e-16	2.59294e-72	-1.57857e-36	-3.17887e-37
18.8629	9.86421e-32	2.02236e-16	2.40297e-16	1.19897e-73	-3.37991e-37	-7.52271e-38
19.1304	8.07696e-32	-7.67431e-17	2.73642e-16	5.38749e-75	-7.13082e-38	-1.73963e-38
19.398	2.05353e-32	1.38914e-16	3.51876e-17	2.3525e-76	-1.4824e-38	-3.93667e-39
19.6656	1.44637e-31	3.54188e-16	1.38519e-16	9.98242e-78	-3.03658e-39	-8.72696e-40
19.9331	2.64475e-32	8.68193e-17	1.37513e-16	4.11629e-79	-6.12902e-40	-1.89684e-40
20.2007	1.74736e-32	-3.65195e-17	-1.27043e-16	1.64946e-80	-1.21895e-40	-4.04512e-41
20.4682	9.086e-34	2.74488e-17	1.24565e-17	6.42303e-82	-2.38869e-41	-8.46858e-42
20.7358	1.0669e-31	-1.33224e-16	2.98231e-16	2.43054e-83	-4.6123e-42	-1.74128e-42
21.0033	3.28085e-32	-6.93055e-17	1.67348e-16	8.93777e-85	-8.77512e-43	-3.51781e-43
21.2709	8.97251e-32	2.85122e-16	9.18162e-17	3.19389e-86	-1.64499e-43	-6.98502e-44
21.5385	9.31033e-32	1.77868e-16	2.47924e-16	1.10911e-87	-3.03839e-44	-1.36356e-44
21.806	5.30412e-32	-2.10854e-16	9.26392e-17	3.74277e-89	-5.52957e-45	-2.61754e-45
22.0736	5.64975e-32	-1.61196e-16	-1.74681e-16	1.22737e-90	-9.91522e-46	-4.94219e-46
22.3411	2.94624e-33	2.59299e-17	-4.76852e-17	3.9113e-92	-1.75175e-46	-9.17971e-47
22.6087	1.69511e-32	-9.0389e-17	9.37067e-17	1.21124e-93	-3.04928e-47	-1.67761e-47
22.8763	3.31169e-32	-1.29649e-16	-1.27703e-16	3.64507e-95	-5.22962e-48	-3.01692e-48
23.1438	8.62013e-32	8.67037e-17	-2.80506e-16	1.06597e-96	-8.83665e-49	-5.33952e-49
23.4114	4.26338e-32	1.88431e-16	-8.44253e-17	3.02933e-98	-1.4711e-49	-9.30155e-50
23.6789	2.20769e-32	1.25434e-16	7.96447e-17	8.36591e-100	-2.41285e-50	-1.59501e-50
23.9465	1.1389e-32	1.04722e-16	-2.05506e-17	2.24514e-101	-3.89891e-51	-2.69257e-51
24.214	2.54637e-32	6.1116e-17	-1.47406e-16	5.85514e-103	-6.20688e-52	-4.47505e-52
24.4816	2.50619e-32	-6.13354e-17	-1.45945e-16	1.48387e-104	-9.73451e-53	-7.323e-53
24.7492	1.59018e-32	-6.87222e-17	-1.05731e-16	3.65441e-106	-1.50403e-53	-1.17996e-53
25.0167	1.69049e-32	9.69507e-17	-8.66342e-17	8.74589e-108	-2.28925e-54	-1.87222e-54
25.2843	4.58319e-32	1.9953e-16	-7.75855e-17	2.03401e-109	-3.43252e-55	-2.9254e-55
25.5518	1.41962e-32	1.09559e-16	-4.68291e-17	4.59693e-111	-5.06998e-56	-4.50162e-56
25.8194	1.72667e-33	-6.23271e-18	4.10832e-17	1.00959e-112	-7.37671e-57	-6.82228e-57
26.087	1.73353e-32	-4.66291e-17	1.2313e-16	2.15471e-114	-1.05723e-57	-1.01832e-57
26.3545	2.88647e-32	-1.45316e-16	8.80225e-17	4.46883e-116	-1.49249e-58	-1.4971e-58
26.6221	1.02166e-31	-3.17961e-16	-3.2655e-17	9.00666e-118	-2.07529e-59	-2.16791e-59
26.8896	1.29325e-31	-3.44734e-16	-1.02388e-16	1.764e-119	-2.8422e-60	-3.09223e-60
27.1572	2.41475e-32	-1.31556e-16	-8.27067e-17	3.35734e-121	-3.83373e-61	-4.34464e-61
27.4247	2.81268e-32	1.48501e-16	-7.79381e-17	6.20951e-123	-5.09287e-62	-6.01313e-62
27.6923	1.16907e-31	2.91851e-16	-1.7813e-16	1.11605e-124	-6.66281e-63	-8.19828e-63
27.9599	1.31615e-31	2.21158e-16	-2.87583e-16	1.94927e-126	-8.5839e-64	-1.10111e-63
28.2274	4.36393e-32	7.9033e-18	-2.08751e-16	3.30846e-128	-1.08898e-64	-1.45691e-64
28.495	1.99547e-32	-1.36397e-16	3.67492e-17	5.45688e-130	-1.36032e-65	-1.89905e-65
28.7625	2.76014e-32	-4.10972e-17	1.60973e-16	8.74633e-132	-1.67308e-66	-2.43868e-66
29.0301	4.30779e-32	2.06808e-16	1.75629e-17	1.3623e-133	-2.02588e-67	-3.08525e-67
29.2977	1.61405e-31	3.62765e-16	-1.72646e-16	2.06196e-135	-2.4149e-68	-3.8455e-68
29.5652	1.24388e-31	3.14709e-16	-1.59205e-16	3.03287e-137	-2.83359e-69	-4.72224e-69
29.8328	2.46772e-32	1.57028e-16	4.40097e-18	4.33503e-139	-3.2725e-70	-5.71323e-70
30.1003	1.42257e-32	3.28364e-17	1.14662e-16	6.02134e-141	-3.71947e-71	-6.81021e-71
30.3679	1.10241e-32	5.96616e-19	1.04994e-16	8.12753e-143	-4.15993e-72	-7.99814e-72
30.6355	2.6262e-33	2.18299e-17	4.63644e-17	1.06608e-144	-4.57755e-73	-9.25492e-73
30.903	1.32053e-33	3.44008e-17	1.17098e-17	1.35888e-146	-4.9551e-74	-1.05515e-73
31.1706	3.83586e-33	4.90177e-17	3.78566e-17	1.68321e-148	-5.2755e-75	-1.18529e-74
31.4381	3.23368e-32	1.37968e-16	1.15332e-16	2.0261e-150	-5.523e-76	-1.31189e-75
31.7057	1.05523e-31	2.83282e-16	1.58977e-16	2.36998e-152	-5.68434e-77	-1.43069e-76
31.9732	1.04699e-31	3.13516e-16	8.00424e-17	2.69398e-154	-5.74983e-78	-1.53733e-77
32.2408	1.68148e-32	1.05501e-16	-7.53952e-17	2.97583e-156	-5.71418e-79	-1.62767e-78
32.5084	5.65369e-32	-1.88013e-16	-1.45561e-16	3.19437e-158	-5.57703e-80	-1.69804e-79
32.7759	6.47114e-32	-2.49414e-16	-5.00416e-17	3.33216e-160	-5.34313e-81	-1.74547e-80
33.0435	1.19066e-32	3.28439e-17	1.04057e-16	3.37778e-162	-5.02204e-82	-1.76793e-81
33.311	1.85442e-31	3.99591e-16	1.60529e-16	3.32736e-164	-4.62751e-83	-1.76443e-82
33.5786	2.47674e-31	4.86634e-16	1.04221e-16	3.18517e-166	-4.17649e-84	-1.73515e-83
33.8462	4.63003e-32	2.08587e-16	5.28388e-17	2.96299e-168	-3.68794e-85	-1.68136e-84
34.1137	3.67926e-32	-1.7225e-16	8.43957e-17	2.67849e-170	-3.18147e-86	-1.60539e-85
34.3813	1.27552e-31	-3.29861e-16	1.3691e-16	2.35297e-172	-2.67609e-87	-1.51041e-86
34.6488	3.90008e-32	-1.73822e-16	9.37384e-17	2.00865e-174	-2.189e-88	-1.40026e-87
34.9164	1.97924e-32	1.22316e-16	-6.95067e-17	1.66632e-176	-1.73467e-89	-1.27915e-88
35.1839	1.68187e-31	3.2492e-16	-2.50227e-16	1.3433e-178	-1.32423e-90	-1.15142e-89
35.4515	2.14658e-31	3.36433e-16	-3.18545e-16	1.05234e-180	-9.65136e-92	-1.02128e-90
35.7191	1.03367e-31	2.22243e-16	-2.32325e-16	8.01124e-183	-6.61191e-93	-8.9261e-92
35.9866	1.40281e-32	1.02609e-16	-5.91563e-17	5.92664e-185	-4.12867e-94	-7.68739e-93
36.2542	1.05515e-32	4.27287e-17	9.34118e-17	4.2607e-187	-2.17793e-95	-6.52377e-94
36.5217	2.65216e-32	2.66247e-17	1.60663e-16	2.97658e-189	-7.14071e-97	-5.45534e-95
36.7893	2.2638e-32	2.61066e-18	1.50437e-16	2.02078e-191	3.23424e-98	-4.49519e-96
37.0569	1.69621e-32	-6.12932e-17	1.14914e-16	1.33316e-193	1.00317e-98	-3.64987e-97
37.3244	3.50335e-32	-1.56267e-16	1.03026e-16	8.54695e-196	1.39579e-99	-2.92018e-98
37.592	7.86369e-32	-2.47751e-16	1.31363e-16	5.32481e-198	1.56896e-100	-2.30221e-99
37.8595	1.25947e-31	-3.02917e-16	1.849e-16	3.22374e-200	1.58386e-101	-1.78848e-100
38.1271	1.50665e-31	-3.08448e-16	2.35638e-16	1.89662e-202	1.49284e-102	-1.36906e-101
38.3946	1.42249e-31	-2.71834e-16	2.61448e-16	1.08434e-204	1.33849e-103	-1.03268e-102
38.6622	1.09882e-31	-2.11976e-16	2.5485e-16	6.0244e-207	1.15359e-104	-7.67549e-104
38.9298	7.10004e-32	-1.48215e-16	2.21434e-16	3.25256e-209	9.61845e-106	-5.62143e-105
39.1973	3.87381e-32	-9.36104e-17	1.73134e-16	1.70648e-211	7.79136e-107	-4.05682e-106
39.4649	1.76528e-32	-5.34615e-17	1.21633e-16	8.70046e-214	6.14968e-108	-2.88484e-107
39.7324	6.29828e-33	-2.71588e-17	7.45699e-17	4.31069e-216	4.73963e-109	-2.0214e-108
40	1.31669e-33	-1.09517e-17	3.45941e-17	2.07546e-218	3.57253e-110	-1.39565e-109
