-40	5.17443e-42	1.58826e-21	1.62845e-21	2.44699e-88	-1.40385e-44	-6.90078e-45
-39.7324	4.12597e-41	4.66216e-21	4.41859e-21	7.13735e-87	-8.33718e-44	-1.36561e-44
-39.4649	2.40316e-40	1.17784e-20	1.00789e-20	2.02304e-85	-4.4586e-43	5.92717e-44
-39.1973	1.26871e-39	2.82944e-20	2.16364e-20	5.57234e-84	-2.14894e-42	9.76932e-43
-38.9298	6.26161e-39	6.54647e-20	4.44521e-20	1.49154e-82	-9.17201e-42	8.06398e-42
-38.6622	2.89923e-38	1.46058e-19	8.75176e-20	3.87966e-81	-3.28257e-41	5.29352e-41
-38.3946	1.25767e-37	3.14021e-19	1.64796e-19	9.80659e-80	-8.06747e-41	3.02585e-40
-38.1271	5.09912e-37	6.49882e-19	2.95915e-19	2.40883e-78	5.26995e-41	1.55115e-39
-37.8595	1.92694e-36	1.29305e-18	5.04935e-19	5.74987e-77	2.44625e-39	7.17737e-39
-37.592	6.76669e-36	2.47015e-18	8.15512e-19	1.33375e-75	2.13088e-38	2.96595e-38
-37.3244	2.20088e-35	4.52415e-18	1.24134e-18	3.00645e-74	1.37689e-37	1.05386e-37
-37.0569	6.60682e-35	7.93239e-18	1.77355e-18	6.58564e-73	7.59853e-37	2.84935e-37
-36.7893	1.82357e-34	1.32938e-17	2.37308e-18	1.40187e-71	3.73643e-36	2.40359e-37
-36.5217	4.60968e-34	2.12616e-17	2.98503e-18	2.89987e-70	1.65795e-35	-3.88685e-36
-36.2542	1.06302e-33	3.24046e-17	3.60061e-18	5.82927e-69	6.60749e-35	-3.82541e-35
-35.9866	2.22879e-33	4.70057e-17	4.38863e-18	1.13871e-67	2.30383e-34	-2.46566e-34
-35.7191	4.24075e-33	6.48543e-17	5.88808e-18	2.16161e-66	6.48704e-34	-1.31939e-33
-35.4515	7.33249e-33	8.5136e-17	9.18434e-18	3.98754e-65	1.02126e-33	-6.23157e-33
-35.1839	1.16039e-32	1.06543e-16	1.58947e-17	7.14821e-64	-3.52098e-33	-2.65033e-32
-34.9164	1.70644e-32	1.27655e-16	2.77225e-17	1.24524e-62	-4.61732e-32	-1.01589e-31
-34.6488	2.3813e-32	1.47481e-16	4.54133e-17	2.10801e-61	-3.03128e-31	-3.44839e-31
-34.3813	3.20223e-32	1.65824e-16	6.72655e-17	3.46782e-60	-1.58253e-30	-9.81534e-31
-34.1137	4.12606e-32	1.83126e-16	8.78938e-17	5.54375e-59	-7.19416e-30	-1.91876e-30
-33.8462	4.95867e-32	1.99759e-16	9.84032e-17	8.61222e-58	-2.93298e-29	9.9395e-31
-33.5786	5.43032e-32	2.15388e-16	8.8944e-17	1.30014e-56	-1.0793e-28	3.67754e-29
-33.311	5.55268e-32	2.29525e-16	5.33389e-17	1.90735e-55	-3.54706e-28	2.54791e-28
-33.0435	5.94475e-32	2.43732e-16	-6.50836e-18	2.71915e-54	-1.00235e-27	1.30937e-27
-32.7759	7.61054e-32	2.64063e-16	-7.985e-17	3.76705e-53	-2.15549e-27	5.74668e-27
-32.5084	1.13265e-31	3.00334e-16	-1.51871e-16	5.07145e-52	-1.44761e-27	2.24733e-26
-32.2408	1.74002e-31	3.59435e-16	-2.11679e-16	6.6348e-51	1.85851e-26	7.93057e-26
-31.9732	2.55074e-31	4.34534e-16	-2.57398e-16	8.43504e-50	1.45496e-25	2.51359e-25
-31.7057	3.33835e-31	4.97932e-16	-2.93085e-16	1.0421e-48	7.45843e-25	6.97008e-25
-31.4381	3.58307e-31	5.06871e-16	-3.18415e-16	1.25112e-47	3.17406e-24	1.56093e-24
-31.1706	2.82591e-31	4.25252e-16	-3.18986e-16	1.45965e-46	1.19224e-23	1.95496e-24
-30.903	1.3547e-31	2.5317e-16	-2.6716e-16	1.65487e-45	4.03263e-23	-5.35386e-24
-30.6355	2.15865e-32	4.66923e-17	-1.39307e-16	1.82324e-44	1.22931e-22	-5.58603e-23
-30.3679	1.17042e-32	-9.35077e-17	5.44101e-17	1.95203e-43	3.31861e-22	-2.9167e-22
-30.1003	6.75988e-32	-7.79721e-17	2.4803e-16	2.03092e-42	7.51249e-22	-1.21101e-21
-29.8328	1.23983e-31	8.97985e-17	3.4047e-16	2.05336e-41	1.16813e-21	-4.37825e-21
-29.5652	1.50373e-31	2.73816e-16	2.74586e-16	2.01744e-40	-4.79852e-22	-1.41955e-20
-29.2977	9.55122e-32	2.85509e-16	1.18308e-16	1.92619e-39	-1.41515e-20	-4.15442e-20
-29.0301	4.77235e-33	6.13968e-17	3.16668e-17	1.78715e-38	-7.79827e-20	-1.08583e-19
-28.7625	6.03952e-32	-2.32654e-16	7.91659e-17	1.61134e-37	-3.18721e-19	-2.44032e-19
-28.495	1.12699e-31	-3.32814e-16	4.39791e-17	1.41182e-36	-1.11248e-18	-4.17383e-19
-28.2274	3.1738e-31	-1.37507e-16	-5.46326e-16	1.20208e-35	-3.45992e-18	-2.23167e-19
-27.9599	5.28808e-30	2.67261e-16	-2.284e-15	9.9461e-35	-9.71014e-18	2.27467e-18
-27.6923	3.90183e-29	1.05736e-15	-6.15632e-15	7.99716e-34	-2.4476e-17	1.41648e-17
-27.4247	2.3055e-28	3.53344e-15	-1.4767e-14	6.2486e-33	-5.39776e-17	5.77496e-17
-27.1572	1.34373e-27	1.16648e-14	-3.47514e-14	4.74453e-32	-9.61403e-17	1.95454e-16
-26.8896	7.85377e-27	3.60515e-14	-8.09571e-14	3.5008e-31	-9.57907e-17	5.8387e-16
-26.6221	4.49409e-26	1.04591e-13	-1.84395e-13	2.51019e-30	2.08381e-16	1.57059e-15
-26.3545	2.49493e-25	2.88761e-13	-4.07567e-13	1.74908e-29	1.72983e-15	3.80768e-15
-26.087	1.34404e-24	7.65077e-13	-8.7103e-13	1.18434e-28	7.18363e-15	8.17492e-15
-25.8194	7.03395e-24	1.95497e-12	-1.79222e-12	7.79303e-28	2.37209e-14	1.47181e-14
-25.5518	3.57882e-23	4.83323e-12	-3.52535e-12	4.98311e-27	6.82038e-14	1.82032e-14
-25.2843	1.7709e-22	1.15837e-11	-6.55032e-12	3.09642e-26	1.75866e-13	-5.92974e-15
-25.0167	8.5233e-22	2.69424e-11	-1.12444e-11	1.86974e-25	4.09322e-13	-1.39391e-13
-24.7492	3.99041e-21	6.08416e-11	-1.69916e-11	1.09716e-24	8.50826e-13	-6.10942e-13
-24.4816	1.81757e-20	1.33392e-10	-1.95484e-11	6.25631e-24	1.52076e-12	-1.98585e-12
-24.214	8.05568e-20	2.83794e-10	-4.22903e-12	3.46683e-23	2.06876e-12	-5.51258e-12
-23.9465	3.47477e-19	5.85269e-10	7.02687e-11	1.86686e-22	8.80631e-13	-1.36349e-11
-23.6789	1.45893e-18	1.16799e-09	3.07772e-10	9.76907e-22	-7.12622e-12	-3.04323e-11
-23.4114	5.96343e-18	2.24967e-09	9.49965e-10	4.96775e-21	-3.52986e-11	-6.10062e-11
-23.1438	2.37345e-17	4.16554e-09	2.52641e-09	2.45488e-20	-1.14456e-10	-1.06998e-10
-22.8763	9.19923e-17	7.3696e-09	6.13852e-09	1.17886e-19	-3.08079e-10	-1.51571e-10
-22.6087	3.47275e-16	1.2334e-08	1.39695e-08	5.50126e-19	-7.3191e-10	-1.20143e-10
-22.3411	1.27705e-15	1.91845e-08	3.01496e-08	2.49473e-18	-1.56577e-09	2.07604e-10
-22.0736	4.57519e-15	2.67452e-08	6.21279e-08	1.09939e-17	-3.0189e-09	1.37118e-09
-21.806	1.59711e-14	3.03835e-08	1.2267e-07	4.70804e-17	-5.15464e-09	4.5288e-09
-21.5385	5.43294e-14	1.76073e-08	2.32421e-07	1.95927e-16	-7.38082e-09	1.18933e-08
-21.2709	1.80118e-13	-4.02557e-08	4.2249e-07	7.92341e-16	-7.26093e-09	2.7196e-08
-21.0033	5.82035e-13	-2.02731e-07	7.35483e-07	3.11382e-15	1.87563e-09	5.57701e-08
-20.7358	1.83337e-12	-5.84357e-07	1.22143e-06	1.18916e-14	3.51443e-08	1.0323e-07
-20.4682	5.62983e-12	-1.39163e-06	1.92177e-06	4.41316e-14	1.22515e-07	1.70651e-07
-20.2007	1.68548e-11	-2.97474e-06	2.82943e-06	1.59156e-13	3.16717e-07	2.42584e-07
-19.9331	4.91997e-11	-5.89172e-06	3.80622e-06	5.57778e-13	6.99206e-07	2.62466e-07
-19.6656	1.40036e-10	-1.0973e-05	4.43053e-06	1.8996e-12	1.37539e-06	8.895e-08
-19.398	3.88673e-10	-1.93565e-05	3.74169e-06	6.28679e-12	2.44136e-06	-5.71463e-07
-19.1304	1.05199e-09	-3.2434e-05	-1.54121e-07	2.0219e-11	3.8922e-06	-2.25161e-06
-18.8629	2.77679e-09	-5.16102e-05	-1.06385e-05	6.31906e-11	5.42911e-06	-5.80649e-06
-18.5953	7.14815e-09	-7.77211e-05	-3.32804e-05	1.91915e-10	6.11667e-06	-1.24299e-05
-18.3278	1.79463e-08	-0.000109913	-7.65861e-05	5.66411e-10	3.85708e-06	-2.34848e-05
-18.0602	4.39439e-08	-0.00014375	-0.000152577	1.62449e-09	-5.29422e-06	-3.99557e-05
-17.7926	1.04947e-07	-0.000168347	-0.000276778	4.52759e-09	-2.78208e-05	-6.12665e-05
-17.5251	2.44452e-07	-0.00016246	-0.000466968	1.22625e-08	-7.30821e-05	-8.31958e-05
-17.2575	5.55361e-07	-8.97585e-05	-0.000739801	3.22744e-08	-0.000152637	-9.47428e-05
-16.99	1.23059e-06	0.000105979	-0.00110425	8.25466e-08	-0.00027758	-7.41353e-05
-16.7224	2.65956e-06	0.000504302	-0.00155088	2.05166e-07	-0.000452697	1.51861e-05
-16.4548	5.60606e-06	0.00120779	-0.00203649	4.95534e-07	-0.000666402	0.00022681
-16.1873	1.15254e-05	0.00233488	-0.0024645	1.16307e-06	-0.00087612	0.000628877
-15.9197	2.31098e-05	0.00400198	-0.00266345	2.6528e-06	-0.000990491	0.00129295
-15.6522	4.51932e-05	0.00629164	-0.00236821	5.87984e-06	-0.000852363	0.00227009
-15.3846	8.61943e-05	0.00920477	-0.001211	1.26646e-05	-0.000229977	0.00355129
-15.1171	0.000160325	0.0125983	0.00126785	2.65082e-05	0.00117302	0.0050132
-14.8495	0.000290827	0.0161153	0.00557884	5.39179e-05	0.00367634	0.00635629
-14.5819	0.000514476	0.0191199	0.0122027	0.000106574	0.00754012	0.00705127
-14.3144	0.000887526	0.0206578	0.0214658	0.000204706	0.0128369	0.00631832
-14.0468	0.00149304	0.0194666	0.033378	0.000382099	0.0192887	0.00316962
-13.7793	0.0024492	0.0140617	0.0474496	0.000693083	0.0260987	-0.00345585
-13.5117	0.00391763	0.0029172	0.062523	0.00122168	0.0318263	-0.0144489
-13.2441	0.00611026	-0.0152546	0.0766653	0.00209264	0.0343709	-0.0301874
-12.9766	0.0092922	-0.0411419	0.0871754	0.00348334	0.0311297	-0.0501426
-12.709	0.013778	-0.0744407	0.0907557	0.00563457	0.0193752	-0.0725202
-12.4415	0.0199182	-0.113502	0.0838774	0.00885707	-0.00314722	-0.0940594
-12.1739	0.0280736	-0.155121	0.0633324	0.0135295	-0.0374677	-0.110117
-11.9064	0.0385758	-0.194554	0.0269188	0.0200835	-0.0826286	-0.115135
-11.6388	0.0516762	-0.22585	-0.0258451	0.0289708	-0.135108	-0.103521
-11.3712	0.0674856	-0.242516	-0.0931223	0.0406111	-0.188655	-0.0708539
-11.1037	0.0859142	-0.238467	-0.170434	0.0553215	-0.234712	-0.0152198
-10.8361	0.106621	-0.209148	-0.250754	0.0732329	-0.263504	0.0616324
-10.5686	0.128982	-0.152627	-0.325096	0.0942069	-0.265705	0.153648
-10.301	0.152097	-0.0704282	-0.383584	0.117767	-0.234419	0.250628
-10.0334	0.174824	0.0321028	-0.416885	0.143063	-0.167061	0.339343
-9.76589	0.195868	0.146065	-0.417772	0.168887	-0.066672	0.405514
-9.49833	0.213895	0.259939	-0.382527	0.193744	0.0577425	0.43636
-9.23077	0.22767	0.361091	-0.311902	0.215986	0.192081	0.423191
-8.96321	0.236194	0.437621	-0.21138	0.233984	0.319175	0.363471
-8.69565	0.238829	0.48022	-0.0906493	0.246326	0.421639	0.261814
-8.42809	0.23537	0.483685	0.0376771	0.251999	0.484973	0.129614
-8.16054	0.226079	0.447792	0.159879	0.250525	0.500246	-0.0166953
-7.89298	0.211646	0.377348	0.263163	0.242029	0.465756	-0.158431
-7.62542	0.193106	0.281388	0.337531	0.22722	0.387291	-0.277896
-7.35786	0.171719	0.171708	0.377141	0.207296	0.276944	-0.361384
-7.0903	0.148825	0.0609922	0.380926	0.183781	0.150761	-0.401312
-6.82274	0.125709	-0.0390883	0.352393	0.158333	0.0257824	-0.397075
-6.55518	0.103489	-0.119458	0.298694	0.132559	-0.0828897	-0.354525
-6.28763	0.0830339	-0.174652	0.229196	0.107847	-0.164371	-0.284305
-6.02007	0.0649319	-0.203126	0.153857	0.0852652	-0.21324	-0.199484
-5.75251	0.0494885	-0.206905	0.0817244	0.0655088	-0.229618	-0.113067
-5.48495	0.0367619	-0.190709	0.0197982	0.0489093	-0.218222	-0.0358978
-5.21739	0.0266161	-0.160795	-0.0275895	0.0354852	-0.186749	0.0246959
-4.94983	0.0187824	-0.123766	-0.0588598	0.0250189	-0.144037	0.0653618
-4.68227	0.0129189	-0.085563	-0.0748188	0.0171416	-0.0983864	0.0863813
-4.41472	0.00866109	-0.0507773	-0.0779921	0.011413	-0.0563633	0.0907533
-4.14716	0.00565985	-0.0223319	-0.071841	0.00738433	-0.0221947	0.0830164
-3.8796	0.00360521	-0.00150711	-0.0600245	0.00464287	0.00226697	0.0681009
-3.61204	0.00223852	0.0117836	-0.0458222	0.00283679	0.0171479	0.0504256
-3.34448	0.0013549	0.0185772	-0.0317773	0.00168434	0.0239233	0.0333469
-3.07692	0.000799438	0.0204169	-0.0195599	0.000971847	0.0247425	0.0189646
-2.80936	0.000459836	0.018964	-0.0100101	0.000544916	0.0218516	0.00821115
-2.54181	0.000257857	0.0157153	-0.0032992	0.00029691	0.0171948	0.00111795
-2.27425	0.000140969	0.0118421	0.00085717	0.000157212	0.0122094	-0.00285351
-2.00669	7.51378e-05	0.0081371	0.00298753	8.08925e-05	0.00778674	-0.00450101
-1.73913	3.90477e-05	0.00504224	0.00369101	4.04479e-05	0.00434519	-0.00464405
-1.47157	1.97858e-05	0.00272191	0.0035181	1.96538e-05	0.00195878	-0.00397706
-1.20401	9.7758e-06	0.00115305	0.00290625	9.28031e-06	0.000494742	-0.00300592
-0.936455	4.70986e-06	0.00020921	0.00216011	4.25836e-06	-0.000270358	-0.00204579
-0.668896	2.2128e-06	-0.000273545	0.00146218	1.89883e-06	-0.000569313	-0.00125487
-0.401338	1.01385e-06	-0.000453102	0.000899191	8.22797e-07	-0.000598409	-0.000681692
-0.133779	4.53024e-07	-0.000458245	0.000492986	3.46469e-07	-0.000500002	-0.000310591
0.133779	1.97428e-07	-0.000381224	0.000228247	1.41775e-07	-0.000363746	-9.72818e-05
0.401338	8.39188e-08	-0.00028019	7.35703e-05	5.63765e-08	-0.000237307	7.87922e-06
0.668896	3.47931e-08	-0.000186465	-4.88418e-06	2.17852e-08	-0.000139743	4.75082e-05
0.936455	1.40713e-08	-0.00011299	-3.61188e-05	8.18067e-09	-7.34956e-05	5.27168e-05
1.20401	5.55147e-09	-6.17941e-05	-4.16288e-05	2.98524e-09	-3.32416e-05	4.33617e-05
1.47157	2.13666e-09	-2.95767e-05	-3.5523e-05	1.05861e-09	-1.14474e-05	3.0456e-05
1.73913	8.02311e-10	-1.13026e-05	-2.59723e-05	3.64799e-10	-1.24082e-06	1.90594e-05
2.00669	2.93938e-10	-2.1619e-06	-1.70078e-05	1.22162e-10	2.51447e-06	1.07629e-05
2.27425	1.05075e-10	1.6104e-06	-1.01233e-05	3.97543e-11	3.15489e-06	5.45903e-06
2.54181	3.66521e-11	2.59014e-06	-5.47204e-06	1.25717e-11	2.58888e-06	2.42269e-06
2.80936	1.24762e-11	2.34643e-06	-2.64016e-06	3.8634e-12	1.76321e-06	8.68606e-07
3.07692	4.14453e-12	1.72522e-06	-1.0808e-06	1.15374e-12	1.05985e-06	1.74533e-07
3.34448	1.34371e-12	1.11564e-06	-3.14748e-07	3.3482e-13	5.73655e-07	-7.57605e-08
3.61204	4.25208e-13	6.52048e-07	6.37679e-09	9.44231e-14	2.79842e-07	-1.2693e-07
3.8796	1.31338e-13	3.46792e-07	1.05227e-07	2.58767e-14	1.20901e-07	-1.06112e-07
4.14716	3.96002e-14	1.66513e-07	1.08967e-07	6.89134e-15	4.38095e-08	-7.05129e-08
4.41472	1.16562e-14	7.00821e-08	8.21259e-08	1.78346e-15	1.09145e-08	-4.07962e-08
4.68227	3.34959e-15	2.36801e-08	5.28095e-08	4.48523e-16	-7.00978e-10	-2.11668e-08
4.94983	9.39799e-16	4.17537e-09	3.03705e-08	1.09615e-16	-3.3691e-09	-9.91285e-09
5.21739	2.57463e-16	-2.37016e-09	1.58696e-08	2.60329e-17	-2.97347e-09	-4.14624e-09
5.48495	6.88747e-17	-3.483e-09	7.53282e-09	6.0081e-18	-1.94516e-09	-1.49145e-09
5.75251	1.79928e-17	-2.79022e-09	3.19492e-09	1.34746e-18	-1.08655e-09	-4.08503e-10
6.02007	4.59055e-18	-1.8059e-09	1.15295e-09	2.93669e-19	-5.40764e-10	-3.52518e-11
6.28763	1.14389e-18	-1.02681e-09	2.99247e-10	6.21963e-20	-2.42857e-10	5.67154e-11
6.55518	2.78414e-19	-5.27649e-10	-4.9296e-13	1.28007e-20	-9.7963e-11	5.66037e-11
6.82274	6.6193e-20	-2.46879e-10	-7.24153e-11	2.56017e-21	-3.45761e-11	3.69414e-11
7.0903	1.53737e-20	-1.04417e-10	-6.68639e-11	4.97585e-22	-9.85933e-12	2.00095e-11
7.35786	3.4883e-21	-3.88177e-11	-4.45139e-11	9.39788e-23	-1.57603e-12	9.5653e-12
7.62542	7.73306e-22	-1.16743e-11	-2.52392e-11	1.72487e-23	5.43417e-13	4.11745e-12
7.89298	1.67486e-22	-1.92763e-12	-1.27973e-11	3.07643e-24	7.24382e-13	1.5974e-12
8.16054	3.54451e-23	7.95414e-13	-5.90021e-12	5.33213e-25	4.81634e-13	5.48855e-13
8.42809	7.33319e-24	1.09782e-12	-2.47547e-12	8.98088e-26	2.54538e-13	1.58174e-13
8.69565	1.48205e-24	7.85046e-13	-9.30459e-13	1.46994e-26	1.17119e-13	3.13445e-14
8.96321	2.9287e-25	4.50428e-13	-2.99974e-13	2.33801e-27	4.83267e-14	-1.59629e-15
9.23077	5.67226e-26	2.27147e-13	-7.16028e-14	3.61374e-28	1.79992e-14	-6.11571e-15
9.49833	1.06082e-26	1.02972e-13	-2.21994e-15	5.42789e-29	5.98737e-15	-4.29306e-15
9.76589	1.92178e-27	4.23463e-14	1.13388e-14	7.92263e-30	1.71287e-15	-2.23354e-15
10.0334	3.53829e-28	1.5874e-14	1.00918e-14	1.12375e-30	3.7314e-16	-9.9223e-16
10.301	5.99985e-29	4.94119e-15	5.96516e-15	1.54895e-31	2.56355e-17	-3.92731e-16
10.5686	9.38272e-30	1.31702e-15	2.76553e-15	2.07476e-32	-3.27449e-17	-1.40269e-16
10.8361	3.20095e-30	-5.68875e-17	1.78822e-15	2.7006e-33	-2.59952e-17	-4.49984e-17
11.1037	1.77406e-30	-6.10565e-16	1.18375e-15	3.41601e-34	-1.34928e-17	-1.26311e-17
11.3712	7.24105e-31	-5.70527e-16	6.31351e-16	4.19895e-35	-5.81238e-18	-2.86457e-18
11.6388	3.39936e-31	-5.17019e-16	2.69494e-16	5.01564e-36	-2.20974e-18	-3.64283e-19
11.9064	2.76531e-31	-3.33533e-16	4.06554e-16	5.82205e-37	-7.56473e-19	9.97726e-20
12.1739	9.21904e-31	-6.69332e-16	6.88403e-16	6.56735e-38	-2.33401e-19	1.05817e-19
12.4415	7.37739e-31	-8.06332e-16	2.95917e-16	7.19892e-39	-6.37784e-20	5.59575e-20
12.709	2.22401e-31	-3.85662e-16	2.71414e-16	7.66848e-40	-1.46181e-20	2.35193e-20
12.9766	5.75801e-31	-4.5981e-16	6.03635e-16	7.93807e-41	-2.30413e-21	8.60649e-21
13.2441	5.41182e-31	-6.26556e-16	3.855e-16	7.98518e-42	9.30468e-23	2.82427e-21
13.5117	2.86191e-31	-4.93533e-16	2.06437e-16	7.80581e-43	2.84163e-22	8.3656e-22
13.7793	1.91271e-31	-2.58872e-16	3.52501e-16	7.41507e-44	1.58656e-22	2.21312e-22
14.0468	9.17465e-32	-8.35932e-17	2.91133e-16	6.84506e-45	6.56477e-23	5.03531e-23
14.3144	3.70736e-32	-1.71823e-16	8.68944e-17	6.14048e-46	2.31934e-23	8.72441e-24
14.5819	3.73667e-32	-1.35747e-16	1.37621e-16	5.35293e-47	7.3008e-24	4.77186e-25
14.8495	3.5672e-32	-8.36409e-18	1.88685e-16	4.53467e-48	2.07376e-24	-4.83919e-25
15.1171	3.12979e-32	-1.67231e-16	5.77199e-17	3.73304e-49	5.29077e-25	-3.05584e-25
15.3846	6.59379e-32	-2.54716e-16	-3.252e-17	2.98637e-50	1.18112e-25	-1.26148e-25
15.6522	3.43221e-32	-8.51025e-17	-1.64559e-16	2.32161e-51	2.13039e-26	-4.32175e-26
15.9197	2.44795e-32	4.31369e-17	-1.50395e-16	1.75387e-52	2.15526e-27	-1.30668e-26
16.1873	2.92749e-33	4.754e-17	2.58348e-17	1.28757e-53	-4.68896e-28	-3.55751e-27
16.4548	3.83228e-32	7.39558e-17	-1.81255e-16	9.18563e-55	-3.95671e-28	-8.7293e-28
16.7224	1.12896e-31	6.17401e-17	-3.30279e-16	6.3681e-56	-1.66413e-28	-1.89704e-28
16.99	7.62554e-33	-8.72769e-17	2.87755e-18	4.29017e-57	-5.56269e-29	-3.45807e-29
17.2575	1.41927e-32	-1.13627e-16	-3.57999e-17	2.80869e-58	-1.61887e-29	-4.33551e-30
17.5251	1.51659e-31	-1.76738e-16	-3.4702e-16	1.78689e-59	-4.22488e-30	1.38828e-31
17.7926	2.44995e-31	-4.89691e-16	-7.2092e-17	1.10472e-60	-9.9524e-31	3.37969e-31
18.0602	1.66161e-31	-3.55295e-16	1.99816e-16	6.63705e-62	-2.09393e-31	1.50084e-31
18.3278	2.35803e-32	1.53143e-16	1.1299e-17	3.8749e-63	-3.78893e-32	4.93892e-32
18.5953	2.9417e-33	-5.12718e-17	-1.76891e-17	2.19841e-64	-5.22142e-33	1.38772e-32
18.8629	2.42695e-31	-4.82664e-16	9.86433e-17	1.21205e-65	-2.27364e-34	3.47402e-33
19.1304	5.37358e-33	-5.90274e-17	-4.34665e-17	6.4938e-67	1.83059e-34	7.84773e-34
19.398	6.93357e-32	2.58586e-16	-4.96879e-17	3.38096e-68	9.19505e-35	1.59231e-34
19.6656	8.76429e-32	-1.43561e-16	2.58908e-16	1.71058e-69	3.01889e-35	2.82704e-35
19.9331	8.82094e-32	-2.43268e-16	1.70383e-16	8.41033e-71	8.22533e-36	4.05552e-36
20.2007	4.22129e-32	5.29606e-17	-1.98515e-16	4.01833e-72	1.97783e-36	3.26399e-37
20.4682	1.01743e-31	1.89726e-16	-2.56412e-16	1.8657e-73	4.28239e-37	-5.64066e-38
20.7358	9.11045e-32	2.09564e-16	-2.17226e-16	8.41788e-75	8.35686e-38	-3.78704e-38
21.0033	4.79594e-32	1.72276e-16	-1.35205e-16	3.69086e-76	1.44434e-38	-1.26679e-38
21.2709	7.03062e-33	-2.77799e-17	7.91132e-17	1.57259e-77	2.09394e-39	-3.36769e-39
21.5385	2.63093e-32	-1.54935e-16	4.80054e-17	6.51131e-79	2.08815e-40	-7.79441e-40
21.806	7.43749e-32	-1.78673e-17	-2.72132e-16	2.6199e-80	-5.30197e-42	-1.61774e-40
22.0736	3.45496e-32	2.80303e-18	-1.85854e-16	1.02439e-81	-1.0289e-41	-3.03072e-41
22.3411	1.32798e-31	-6.30845e-17	3.58912e-16	3.89233e-83	-3.63413e-42	-5.07114e-42
22.6087	8.02156e-32	6.57368e-17	2.75489e-16	1.4372e-84	-9.51115e-43	-7.29784e-43
22.8763	8.48199e-32	-2.11106e-17	-2.90472e-16	5.15692e-86	-2.12535e-43	-7.99886e-44
23.1438	2.23077e-32	-1.15927e-16	-9.41742e-17	1.79815e-87	-4.23139e-44	-2.77295e-45
23.4114	1.48794e-31	2.60422e-16	2.84561e-16	6.09295e-89	-7.60181e-45	1.77254e-45
23.6789	8.21676e-32	2.86401e-16	-1.19093e-17	2.00628e-90	-1.22667e-45	7.08216e-46
23.9465	3.02966e-32	-1.57114e-16	-7.49126e-17	6.41977e-92	-1.73205e-46	1.84927e-46
24.214	4.78462e-32	-4.74232e-18	2.18686e-16	1.99624e-93	-1.97616e-47	4.00714e-47
24.4816	1.33396e-31	3.61252e-16	5.37819e-17	6.03209e-95	-1.26528e-48	7.6629e-48
24.7492	2.34885e-32	1.36763e-16	-6.91689e-17	1.77128e-96	1.73688e-49	1.31951e-48
25.0167	3.06679e-32	-4.0797e-17	1.70304e-16	5.05443e-98	9.27795e-50	2.04783e-49
25.2843	6.16849e-33	6.87343e-17	-3.80011e-17	1.40159e-99	2.46835e-50	2.8148e-50
25.5518	2.43217e-31	-9.16785e-17	-4.84574e-16	3.77687e-101	5.21876e-51	3.2455e-51
25.8194	1.34755e-31	-1.96661e-16	-3.09966e-16	9.89027e-103	9.60601e-52	2.57437e-52
26.087	2.67476e-32	1.02823e-16	1.27181e-16	2.5168e-104	1.58559e-52	-5.18301e-54
26.3545	9.98725e-32	1.92235e-16	2.50835e-16	6.22375e-106	2.36239e-53	-8.01782e-54
26.6221	9.49279e-32	-6.10484e-17	3.01995e-16	1.49562e-107	3.14367e-54	-2.25244e-54
26.8896	1.08941e-31	-3.37034e-17	3.28336e-16	3.49262e-109	3.59799e-55	-4.68836e-55
27.1572	5.74696e-32	2.34631e-16	4.91714e-17	7.92589e-111	3.13657e-56	-8.33191e-56
27.4247	1.52099e-31	2.3339e-16	-3.12456e-16	1.74786e-112	8.65666e-58	-1.31923e-56
27.6923	1.53874e-31	6.3487e-17	-3.87096e-16	3.74569e-114	-4.39326e-58	-1.88485e-57
27.9599	7.0103e-32	7.71632e-17	-2.53276e-16	7.80044e-116	-1.39626e-58	-2.41887e-58
28.2274	4.27086e-32	1.94464e-16	-6.99454e-17	1.57859e-117	-2.89961e-59	-2.71628e-59
28.495	5.64923e-32	2.07263e-16	1.16338e-16	3.10446e-119	-4.99693e-60	-2.46481e-60
28.7625	2.31038e-32	1.03965e-16	1.10883e-16	5.93288e-121	-7.59951e-61	-1.25548e-61
29.0301	3.3271e-32	-6.7534e-17	-1.69441e-16	1.10182e-122	-1.04071e-61	1.36898e-62
29.2977	1.76622e-31	-1.94862e-16	-3.72358e-16	1.98846e-124	-1.2845e-62	5.81825e-63
29.5652	5.47099e-32	-1.04186e-16	-2.09417e-16	3.48729e-126	-1.40415e-63	1.23112e-63
29.8328	1.75991e-32	1.22634e-16	5.05959e-17	5.94325e-128	-1.28762e-64	2.07009e-64
30.1003	2.06415e-32	1.40641e-16	2.93554e-17	9.84291e-130	-8.12394e-66	3.03033e-65
30.3679	4.56256e-32	-1.18019e-16	-1.78037e-16	1.58412e-131	1.29692e-67	3.97798e-66
30.6355	1.30569e-31	-2.63006e-16	-2.47783e-16	2.4775e-133	1.59929e-67	4.71352e-67
30.903	2.36265e-32	-3.37687e-17	-1.49954e-16	3.76535e-135	3.5735e-68	4.98835e-68
31.1706	8.01007e-32	2.71755e-16	-7.90561e-17	5.5611e-137	5.91558e-69	4.54059e-69
31.4381	5.41124e-32	2.22025e-16	-6.94069e-17	7.98142e-139	8.36078e-70	3.14826e-70
31.7057	1.84377e-32	-1.35754e-16	2.90493e-18	1.11317e-140	1.0528e-70	6.91743e-72
31.9732	1.52305e-31	-3.69662e-16	1.25117e-16	1.50873e-142	1.19626e-71	-2.78719e-72
32.2408	7.88833e-32	-2.53554e-16	1.20805e-16	1.98711e-144	1.22091e-72	-7.04615e-73
32.5084	4.5985e-33	-7.30355e-18	-6.74178e-17	2.5433e-146	1.09038e-73	-1.16377e-73
32.7759	6.40859e-32	5.06205e-17	-2.48039e-16	3.16327e-148	7.86927e-75	-1.595e-74
33.0435	5.29122e-32	-1.04362e-16	-2.0499e-16	3.82331e-150	3.18876e-76	-1.92915e-75
33.311	5.7166e-32	-2.36333e-16	3.62348e-17	4.49062e-152	-2.76194e-77	-2.10103e-76
33.5786	8.48022e-32	-1.69815e-16	2.36569e-16	5.12551e-154	-9.33943e-78	-2.06234e-77
33.8462	4.2125e-32	2.48737e-17	2.03731e-16	5.68502e-156	-1.57173e-78	-1.79295e-78
34.1137	2.15133e-32	1.44439e-16	-2.55084e-17	6.12761e-158	-2.10184e-79	-1.30762e-79
34.3813	6.67989e-32	7.32837e-17	-2.47848e-16	6.41821e-160	-2.44695e-80	-6.56222e-81
34.6488	1.00678e-31	-1.28078e-16	-2.903e-16	6.53282e-162	-2.55459e-81	8.30666e-83
34.9164	1.14431e-31	-3.09104e-16	-1.37425e-16	6.46177e-164	-2.40728e-82	8.16558e-83
35.1839	1.41255e-31	-3.636e-16	9.51317e-17	6.21107e-166	-2.02611e-83	1.45118e-83
35.4515	1.58254e-31	-2.89318e-16	2.73037e-16	5.80156e-168	-1.46674e-84	1.91056e-84
35.7191	1.33701e-31	-1.5447e-16	3.31422e-16	5.26608e-170	-8.0886e-86	2.14752e-85
35.9866	8.36065e-32	-3.05232e-17	2.87532e-16	4.64509e-172	-1.4149e-87	2.1506e-86
36.2542	4.21938e-32	4.93158e-17	1.99403e-16	3.98167e-174	4.52621e-88	1.9434e-87
36.5217	2.21812e-32	8.99296e-17	1.18718e-16	3.31665e-176	9.10178e-89	1.57741e-88
36.7893	1.71096e-32	1.11553e-16	6.8305e-17	2.68472e-178	1.1956e-89	1.12039e-89
37.0569	1.87835e-32	1.29261e-16	4.55531e-17	2.11184e-180	1.30318e-90	6.43091e-91
37.3244	2.2735e-32	1.46129e-16	3.71667e-17	1.61431e-182	1.25353e-91	2.0731e-92
37.592	2.57752e-32	1.5741e-16	3.15817e-17	1.19916e-184	1.08573e-92	-1.42632e-93
37.8595	2.54474e-32	1.57743e-16	2.37586e-17	8.6563e-187	8.4757e-94	-3.83739e-94
38.1271	2.14013e-32	1.45619e-16	1.40082e-17	6.07227e-189	5.86018e-95	-5.13624e-95
38.3946	1.53482e-32	1.23797e-16	4.75004e-18	4.13936e-191	3.39909e-96	-5.46258e-96
38.6622	9.46662e-33	9.7276e-17	-2.00202e-18	2.74208e-193	1.35682e-97	-5.05765e-97
38.9298	5.06344e-33	7.09388e-17	-5.57985e-18	1.76518e-195	-1.36184e-99	-4.1992e-98
39.1973	2.35493e-33	4.80978e-17	-6.4452e-18	1.10424e-197	-1.06717e-99	-3.14699e-99
39.4649	9.40119e-34	3.01534e-17	-5.55786e-18	6.71278e-200	-1.50848e-100	-2.10648e-100
39.7324	3.02672e-34	1.69687e-17	-3.83856e-18	3.96556e-202	-1.57947e-101	-1.21278e-101
40	5.91757e-35	7.45424e-18	-1.89998e-18	2.27652e-204	-1.41193e-102	-5.31941e-103
