-40	1.05246e-52	-1.54604e-27	1.01418e-26	8.85846e-91	4.26904e-46	8.38808e-46
-39.7324	9.67123e-52	1.10656e-27	3.10789e-26	2.70867e-89	7.4303e-46	5.15118e-45
-39.4649	6.90918e-51	2.22051e-26	8.01006e-26	8.04858e-88	-5.19797e-45	2.78898e-44
-39.1973	4.6256e-50	1.07229e-25	1.86435e-25	2.32405e-86	-7.46585e-44	1.32916e-43
-38.9298	2.95317e-49	3.82844e-25	3.85678e-25	6.52134e-85	-6.00956e-43	5.3943e-43
-38.6622	1.7978e-48	1.16203e-24	6.6894e-25	1.77824e-83	-3.87748e-42	1.65759e-42
-38.3946	1.04201e-47	3.12909e-24	7.93037e-25	4.71205e-82	-2.16438e-41	1.65817e-42
-38.1271	5.74118e-47	7.57266e-24	-2.58054e-25	1.21337e-80	-1.067e-40	-2.73649e-41
-37.8595	3.00203e-46	1.64164e-23	-5.54131e-24	3.03626e-79	-4.6134e-40	-3.01316e-40
-37.592	1.48722e-45	3.12167e-23	-2.26437e-23	7.38328e-78	-1.67605e-39	-2.13872e-39
-37.3244	6.96859e-45	4.91095e-23	-6.75044e-23	1.74471e-76	-4.3699e-39	-1.2465e-38
-37.0569	3.08378e-44	5.19028e-23	-1.67762e-22	4.00647e-75	-6.11969e-40	-6.32937e-38
-36.7893	1.28773e-43	-1.66934e-23	-3.58461e-22	8.94055e-74	9.34472e-38	-2.8403e-37
-36.5217	5.07735e-43	-2.87199e-22	-6.52113e-22	1.93879e-72	8.3752e-37	-1.11236e-36
-36.2542	1.89706e-42	-9.97644e-22	-9.49614e-22	4.08565e-71	5.283e-36	-3.59811e-36
-35.9866	6.77828e-42	-2.46071e-21	-8.50397e-22	8.36672e-70	2.78743e-35	-7.72622e-36
-35.7191	2.3578e-41	-4.81276e-21	6.44475e-22	1.665e-68	1.28824e-34	7.36719e-36
-35.4515	8.20961e-41	-7.28208e-21	5.39142e-21	3.21985e-67	5.25976e-34	2.12919e-34
-35.1839	2.95095e-40	-6.69127e-21	1.58216e-20	6.05092e-66	1.86199e-33	1.60745e-33
-34.9164	1.11316e-39	4.755e-21	3.30235e-20	1.10502e-64	5.32429e-33	9.0639e-33
-34.6488	4.35644e-39	4.12218e-20	5.15481e-20	1.96104e-63	8.9539e-33	4.33689e-32
-34.3813	1.71347e-38	1.21121e-19	4.96435e-20	3.38192e-62	-2.27306e-32	1.8249e-31
-34.1137	6.54952e-38	2.54836e-19	-2.35313e-20	5.66768e-61	-3.28434e-31	6.77421e-31
-33.8462	2.37341e-37	4.14992e-19	-2.55192e-19	9.23021e-60	-2.1344e-30	2.16207e-30
-33.5786	8.02946e-37	4.87869e-19	-7.51618e-19	1.46077e-58	-1.08066e-29	5.41242e-30
-33.311	2.51303e-36	2.23517e-19	-1.56942e-18	2.24655e-57	-4.69549e-29	6.46401e-30
-33.0435	7.23469e-36	-7.65459e-19	-2.57852e-18	3.35748e-56	-1.79912e-28	-3.47339e-29
-32.7759	1.90779e-35	-2.87668e-18	-3.28673e-18	4.87613e-55	-6.06604e-28	-3.45896e-28
-32.5084	4.59128e-35	-6.19581e-18	-2.74313e-18	6.88178e-54	-1.7397e-27	-1.96347e-27
-32.2408	1.00485e-34	-1.00205e-17	2.73994e-19	9.43823e-53	-3.76109e-27	-8.95748e-27
-31.9732	1.99364e-34	-1.2486e-17	6.59261e-18	1.25789e-51	-2.48101e-27	-3.53799e-26
-31.7057	3.5791e-34	-1.07697e-17	1.55539e-17	1.62915e-50	3.25058e-26	-1.2343e-25
-31.4381	5.82569e-34	-2.33004e-18	2.40237e-17	2.05042e-49	2.50055e-25	-3.77512e-25
-31.1706	8.6916e-34	1.28823e-17	2.6518e-17	2.50778e-48	1.25272e-24	-9.68742e-25
-30.903	1.22149e-33	3.03224e-17	1.73793e-17	2.98057e-47	5.16358e-24	-1.77289e-24
-30.6355	1.69304e-33	4.08206e-17	-5.16852e-18	3.44249e-46	1.85538e-23	-5.96707e-26
-30.3679	2.41309e-33	3.42761e-17	-3.51886e-17	3.86376e-45	5.8919e-23	1.98068e-23
-30.1003	3.5131e-33	6.49867e-18	-5.89141e-17	4.21416e-44	1.63197e-22	1.24533e-22
-29.8328	4.90073e-33	-3.46674e-17	-6.08186e-17	4.4666e-43	3.7264e-22	5.54797e-22
-29.5652	6.01088e-33	-6.95363e-17	-3.42868e-17	4.60051e-42	5.5957e-22	2.0706e-21
-29.2977	5.89993e-33	-7.62056e-17	9.6242e-18	4.60468e-41	-4.31136e-22	6.77207e-21
-29.0301	4.01975e-33	-4.62186e-17	4.34004e-17	4.47875e-40	-8.0674e-21	1.95651e-20
-28.7625	1.43594e-33	3.57088e-18	3.77251e-17	4.23329e-39	-4.28342e-20	4.89747e-20
-28.495	1.40409e-33	3.38619e-17	-1.60456e-17	3.88833e-38	-1.70665e-19	9.87762e-20
-28.2274	8.02918e-33	4.95315e-18	-8.94687e-17	3.47067e-37	-5.77712e-19	1.15392e-19
-27.9599	2.31137e-32	-8.97903e-17	-1.22684e-16	3.01041e-36	-1.72033e-18	-2.25562e-19
-27.6923	4.38035e-32	-2.00448e-16	-6.02005e-17	2.53748e-35	-4.51843e-18	-2.22679e-18
-27.4247	6.4475e-32	-2.34989e-16	9.62037e-17	2.07847e-34	-1.01942e-17	-1.01944e-17
-27.1572	8.21048e-32	-1.23623e-16	2.585e-16	1.65443e-33	-1.79798e-17	-3.64851e-17
-26.8896	9.7626e-32	1.01907e-16	2.95366e-16	1.27973e-32	-1.47044e-17	-1.12165e-16
-26.6221	1.08165e-31	2.95268e-16	1.44852e-16	9.61948e-32	6.07562e-17	-3.04144e-16
-26.3545	1.01257e-31	3.03126e-16	-9.68053e-17	7.02665e-31	4.19913e-16	-7.25492e-16
-26.087	6.81293e-32	1.22289e-16	-2.30596e-16	4.98781e-30	1.68111e-15	-1.47027e-15
-25.8194	2.50689e-32	-6.79469e-17	-1.43011e-16	3.4406e-29	5.4228e-15	-2.23589e-15
-25.5518	1.04306e-32	-7.22364e-17	7.21975e-17	2.30634e-28	1.5156e-14	-9.6458e-16
-25.2843	7.48865e-32	1.47784e-16	2.30318e-16	1.50237e-27	3.74179e-14	1.01128e-14
-25.0167	4.04491e-31	5.7872e-16	2.6377e-16	9.51028e-27	8.09536e-14	5.43764e-14
-24.7492	2.36611e-30	1.53315e-15	1.2472e-16	5.85024e-26	1.46724e-13	1.92287e-13
-24.4816	1.65117e-29	3.96674e-15	-8.81319e-16	3.49719e-25	1.88427e-13	5.60548e-13
-24.214	1.19723e-28	9.46285e-15	-5.49337e-15	2.03155e-24	-4.61273e-15	1.42532e-12
-23.9465	8.43786e-28	1.9498e-14	-2.15317e-14	1.14683e-23	-1.09979e-12	3.20294e-12
-23.6789	5.75392e-27	3.16236e-14	-6.89483e-14	6.29125e-23	-4.85225e-12	6.2744e-12
-23.4114	3.81432e-26	2.44446e-14	-1.93767e-13	3.3538e-22	-1.5268e-11	1.01127e-11
-23.1438	2.45986e-25	-8.87764e-14	-4.8796e-13	1.73741e-21	-4.03081e-11	1.06145e-11
-22.8763	1.54183e-24	-5.81178e-13	-1.0973e-12	8.74643e-21	-9.32931e-11	-6.54405e-12
-22.6087	9.38803e-24	-2.18906e-12	-2.14384e-12	4.27881e-20	-1.90721e-10	-8.0085e-11
-22.3411	5.55261e-23	-6.66154e-12	-3.33916e-12	2.03413e-19	-3.37564e-10	-2.99106e-10
-22.0736	3.19001e-22	-1.76525e-11	-2.71857e-12	9.39723e-19	-4.80167e-10	-8.42118e-10
-21.806	1.77998e-21	-4.16469e-11	6.74669e-12	4.21876e-18	-3.89308e-10	-2.01673e-09
-21.5385	9.64514e-21	-8.73119e-11	4.49642e-11	1.84049e-17	5.85159e-10	-4.25e-09
-21.2709	5.07473e-20	-1.58225e-10	1.6035e-10	7.80271e-17	3.95586e-09	-7.89799e-09
-21.0033	2.59224e-19	-2.26348e-10	4.5606e-10	3.21456e-16	1.27595e-08	-1.25957e-08
-20.7358	1.28542e-18	-1.59488e-10	1.12249e-09	1.28695e-15	3.22806e-08	-1.56498e-08
-20.4682	6.18679e-18	4.45103e-10	2.44718e-09	5.00687e-15	7.02168e-08	-8.74462e-09
-20.2007	2.88993e-17	2.58892e-09	4.71135e-09	1.89293e-14	1.34741e-07	2.78214e-08
-19.9331	1.30996e-16	8.4187e-09	7.7538e-09	6.95451e-14	2.27383e-07	1.33575e-07
-19.6656	5.76135e-16	2.19282e-08	9.7617e-09	2.48292e-13	3.2561e-07	3.77187e-07
-19.398	2.4583e-15	4.9372e-08	4.55036e-09	8.61436e-13	3.48246e-07	8.60326e-07
-19.1304	1.01751e-14	9.80654e-08	-2.36286e-08	2.90434e-12	9.72669e-08	1.70143e-06
-18.8629	4.08494e-14	1.70573e-07	-1.08417e-07	9.51557e-12	-8.24022e-07	2.97264e-06
-18.5953	1.59046e-13	2.48736e-07	-3.11731e-07	3.02961e-11	-3.09849e-06	4.54923e-06
-18.3278	6.00483e-13	2.59132e-07	-7.30297e-07	9.37353e-11	-7.73462e-06	5.82331e-06
-18.0602	2.19821e-12	1.05755e-08	-1.4826e-06	2.81827e-10	-1.59469e-05	5.24625e-06
-17.7926	7.8015e-12	-8.99868e-07	-2.64419e-06	8.2343e-10	-2.86941e-05	-2.78015e-07
-17.5251	2.68398e-11	-3.19467e-06	-4.07847e-06	2.33795e-09	-4.56292e-05	-1.59975e-05
-17.2575	8.95004e-11	-7.97191e-06	-5.09402e-06	6.4507e-09	-6.32158e-05	-4.95425e-05
-16.99	2.89245e-10	-1.65607e-05	-3.87127e-06	1.72959e-08	-7.19135e-05	-0.00011011
-16.7224	9.05849e-10	-2.99136e-05	3.32014e-06	4.50653e-08	-5.27333e-05	-0.000205632
-16.4548	2.74883e-09	-4.71664e-05	2.28946e-05	1.14105e-07	2.58103e-05	-0.000336807
-16.1873	8.08157e-09	-6.29912e-05	6.4138e-05	2.80759e-07	0.000208291	-0.00048721
-15.9197	2.30174e-08	-6.36224e-05	0.00013773	6.71313e-07	0.000547318	-0.000609718
-15.6522	6.35014e-08	-2.21471e-05	0.00025102	1.55984e-06	0.00108893	-0.000611619
-15.3846	1.69682e-07	0.000105019	0.000398313	3.52209e-06	0.00184496	-0.000343817
-15.1171	4.39106e-07	0.000376677	0.000545179	7.7283e-06	0.0027515	0.000396946
-14.8495	1.10039e-06	0.000854736	0.000608122	1.6479e-05	0.0036178	0.00184134
-14.5819	2.67007e-06	0.001575	0.000435269	3.41463e-05	0.00407826	0.00418498
-14.3144	6.27282e-06	0.00249654	-0.00020023	6.87573e-05	0.0035691	0.00748457
-14.0468	1.42669e-05	0.00343241	-0.00157653	0.000134542	0.00135917	0.0115193
-13.7793	3.14112e-05	0.00397675	-0.00394926	0.000255836	-0.0033354	0.0156432
-13.5117	6.69414e-05	0.00346062	-0.00741387	0.000472747	-0.0111337	0.0186758
-13.2441	0.000138079	0.00098384	-0.0117094	0.000848907	-0.0221773	0.0188964
-12.9766	0.000275646	-0.0044247	-0.0160021	0.00148134	-0.0357687	0.0142107
-12.709	0.000532523	-0.0134834	-0.0187275	0.00251197	-0.0500553	0.00253763
-12.4415	0.000995538	-0.0261838	-0.0176053	0.00413941	-0.061888	-0.0175863
-12.1739	0.00180089	-0.0412551	-0.00994474	0.00662865	-0.0669938	-0.0462653
-11.9064	0.00315209	-0.055744	0.00668563	0.0103152	-0.0605633	-0.0815307
-11.6388	0.00533793	-0.0649485	0.0334608	0.0155988	-0.0382641	-0.118889
-11.3712	0.00874564	-0.0629411	0.0691668	0.022923	0.00244369	-0.151384
-11.1037	0.0138623	-0.0438019	0.109287	0.0327351	0.060961	-0.170349
-10.8361	0.0212565	-0.00346676	0.145755	0.0454277	0.132552	-0.166906
-10.5686	0.0315315	0.0581911	0.167766	0.0612621	0.208099	-0.134003
-10.301	0.0452468	0.135681	0.163821	0.0802836	0.274911	-0.0686122
-10.0334	0.0628077	0.217351	0.124765	0.102241	0.318653	0.0264882
-9.76589	0.0843365	0.286556	0.0471409	0.126529	0.326163	0.141937
-9.49833	0.109545	0.324701	-0.0641411	0.152165	0.288598	0.262444
-9.23077	0.137641	0.31569	-0.194887	0.177831	0.204135	0.368998
-8.96321	0.167295	0.250702	-0.323176	0.201958	0.0794776	0.442314
-8.69565	0.1967	0.1319	-0.423441	0.222884	-0.0704243	0.466824
-8.42809	0.22373	-0.0263016	-0.472269	0.239036	-0.224575	0.434283
-8.16054	0.24618	-0.199132	-0.454451	0.24912	-0.3597	0.34603
-7.89298	0.262064	-0.356374	-0.367507	0.252302	-0.454771	0.213272
-7.62542	0.269901	-0.469125	-0.223211	0.24831	-0.495241	0.0551961
-7.35786	0.268949	-0.516603	-0.0454999	0.237483	-0.475944	-0.104694
-7.0903	0.259313	-0.491058	0.134815	0.220717	-0.401977	-0.24317
-6.82274	0.241934	-0.399402	0.287075	0.199344	-0.287369	-0.341705
-6.55518	0.218432	-0.261146	0.387602	0.174958	-0.151926	-0.389713
-6.28763	0.190862	-0.103339	0.42448	0.14922	-0.0170688	-0.385913
-6.02007	0.161413	0.0459498	0.399126	0.123676	0.0983083	-0.337656
-5.75251	0.132133	0.163763	0.324523	0.0996112	0.18102	-0.25854
-5.48495	0.104709	0.236439	0.22092	0.077964	0.225215	-0.165052
-5.21739	0.0803333	0.261026	0.110449	0.0592986	0.23228	-0.0731079
-4.94983	0.0596752	0.243981	0.0121903	0.0438287	0.2093	0.00472958
-4.68227	0.0429265	0.197959	-0.0611461	0.0314802	0.166663	0.0608577
-4.41472	0.0299049	0.137855	-0.104408	0.0219725	0.115481	0.0929333
-4.14716	0.0201788	0.0772403	-0.119217	0.0149034	0.0654302	0.103065
-3.8796	0.0131899	0.025975	-0.111871	0.00982326	0.0233793	0.0963155
-3.61204	0.00835279	-0.0107261	-0.090762	0.00629202	-0.00708097	0.0790056
-3.34448	0.00512539	-0.0319378	-0.0640731	0.00391641	-0.0253412	0.0572209
-3.07692	0.00304779	-0.0398399	-0.0382175	0.00236892	-0.0329773	0.0357969
-2.80936	0.00175658	-0.0382367	-0.0171619	0.00139244	-0.0327678	0.0178524
-2.54181	0.000981374	-0.0312262	-0.00250964	0.000795364	-0.0277893	0.00480846
-2.27425	0.000531557	-0.0222781	0.00593671	0.000441489	-0.0207559	-0.0032683
-2.00669	0.000279174	-0.0137902	0.00943421	0.000238143	-0.0136615	-0.00717671
-1.73913	0.000142193	-0.00704757	0.00961897	0.00012483	-0.00769373	-0.00810165
-1.47157	7.02457e-05	-0.00243607	0.00801943	6.35866e-05	-0.00333911	-0.00724134
-1.20401	3.36643e-05	0.000240222	0.00579712	3.14757e-05	-0.000585449	-0.00557969
-0.936455	1.56528e-05	0.00145523	0.00367901	1.51408e-05	0.000860453	-0.00379479
-0.668896	7.06243e-06	0.00173395	0.00201392	7.07762e-06	0.00139167	-0.00226735
-0.401338	3.0926e-06	0.0015201	0.000884251	3.21506e-06	0.00137971	-0.00114519
-0.133779	1.31452e-06	0.00112484	0.000221956	1.41924e-06	0.00111272	-0.000425536
0.133779	5.42442e-07	0.000729689	-9.99777e-05	6.08813e-07	0.000779709	-2.94468e-05
0.401338	2.17345e-07	0.000416469	-0.000209519	2.53792e-07	0.000482775	0.000143945
0.668896	8.45712e-08	0.000203644	-0.000207606	1.0281e-07	0.000261466	0.000185595
0.936455	3.19625e-08	7.74183e-05	-0.000161149	4.04722e-08	0.00011787	0.00016303
1.20401	1.17347e-08	1.30694e-05	-0.000107536	1.54825e-08	3.65896e-05	0.000118927
1.47157	4.18587e-09	-1.31703e-05	-6.33436e-05	5.75561e-09	-2.20326e-06	7.58338e-05
1.73913	1.45093e-09	-1.92559e-05	-3.28656e-05	2.07924e-09	-1.59165e-05	4.27306e-05
2.00669	4.88793e-10	-1.66687e-05	-1.45241e-05	7.29932e-10	-1.70739e-05	2.09384e-05
2.27425	1.60061e-10	-1.16841e-05	-4.85207e-06	2.49014e-10	-1.33766e-05	8.37147e-06
2.54181	5.0956e-11	-7.12019e-06	-5.08751e-07	8.25523e-11	-8.84308e-06	2.08621e-06
2.80936	1.57733e-11	-3.84801e-06	9.82911e-07	2.65949e-11	-5.13336e-06	-4.93492e-07
3.07692	4.74824e-12	-1.83374e-06	1.17712e-06	8.32591e-12	-2.63072e-06	-1.18542e-06
3.34448	1.39025e-12	-7.41701e-07	9.16586e-07	2.53296e-12	-1.16355e-06	-1.08587e-06
3.61204	3.95975e-13	-2.22438e-07	5.8864e-07	7.48842e-13	-4.09092e-07	-7.62552e-07
3.8796	1.0973e-13	-1.42414e-08	3.30949e-07	2.15137e-13	-7.6132e-08	-4.57538e-07
4.14716	2.95888e-14	4.6641e-08	1.6557e-07	6.00627e-14	3.96823e-08	-2.41843e-07
4.41472	7.76502e-15	4.91362e-08	7.31481e-08	1.62951e-14	6.00936e-08	-1.12623e-07
4.68227	1.98351e-15	3.51012e-08	2.74119e-08	4.2961e-15	4.78184e-08	-4.48275e-08
4.94983	4.93249e-16	2.0883e-08	7.55968e-09	1.10067e-15	3.02166e-08	-1.36977e-08
5.21739	1.19428e-16	1.09226e-08	3.5193e-10	2.74032e-16	1.64743e-08	-1.62117e-09
5.48495	2.81587e-17	5.09631e-09	-1.4786e-09	6.62994e-17	7.92909e-09	1.85176e-09
5.75251	6.46626e-18	2.10378e-09	-1.42841e-09	1.55877e-17	3.35146e-09	2.08697e-09
6.02007	1.44641e-18	7.38026e-10	-9.49592e-10	3.56139e-18	1.1959e-09	1.45986e-09
6.28763	3.15202e-19	1.91174e-10	-5.27877e-10	7.90716e-19	3.12263e-10	8.32591e-10
6.55518	6.69287e-20	8.95543e-12	-2.58551e-10	1.70602e-19	1.29244e-11	4.12838e-10
6.82274	1.38492e-20	-3.2282e-11	-1.13168e-10	3.57696e-20	-5.52083e-11	1.80891e-10
7.0903	2.79317e-21	-2.9407e-11	-4.39135e-11	7.28797e-21	-4.98623e-11	6.92945e-11
7.35786	5.49151e-22	-1.83853e-11	-1.45304e-11	1.44299e-21	-3.09268e-11	2.20573e-11
7.62542	1.05267e-22	-9.61262e-12	-3.58675e-12	2.77641e-22	-1.59572e-11	4.79694e-12
7.89298	1.96788e-23	-4.43144e-12	-2.02803e-13	5.19121e-23	-7.20047e-12	-2.5571e-13
8.16054	3.58678e-24	-1.82761e-12	4.96601e-13	9.4323e-24	-2.87105e-12	-1.09057e-12
8.42809	6.37226e-25	-6.6932e-13	4.35013e-13	1.66544e-24	-9.9487e-13	-8.21996e-13
8.69565	1.10466e-25	-2.09879e-13	2.57715e-13	2.85763e-25	-2.80662e-13	-4.54964e-13
8.96321	1.86566e-26	-4.96634e-14	1.27241e-13	4.76483e-26	-4.87488e-14	-2.12772e-13
9.23077	3.1164e-27	-3.09587e-15	5.57388e-14	7.72061e-27	8.97243e-15	-8.74077e-14
9.49833	5.29769e-28	5.6532e-15	2.23117e-14	1.21568e-27	1.45289e-14	-3.16953e-14
9.76589	9.22138e-29	4.95514e-15	8.22559e-15	1.86017e-28	9.36962e-15	-9.91096e-15
10.0334	1.96662e-29	3.04894e-15	3.22028e-15	2.76598e-29	4.6504e-15	-2.45633e-15
10.301	3.92587e-30	1.49437e-15	1.30104e-15	3.99677e-30	1.97415e-15	-3.15413e-16
10.5686	1.12061e-30	9.44628e-16	4.77793e-16	5.6122e-31	7.38463e-16	1.26068e-16
10.8361	2.79133e-31	4.56748e-16	2.65545e-16	7.65811e-32	2.43305e-16	1.31847e-16
11.1037	5.83321e-32	2.37661e-16	-4.30069e-17	1.01549e-32	6.8444e-17	7.39613e-17
11.3712	2.21633e-31	3.3008e-16	3.35679e-16	1.30855e-33	1.47224e-17	3.30424e-17
11.6388	3.53739e-31	-7.52313e-17	5.89982e-16	1.63859e-34	1.17139e-18	1.2747e-17
11.9064	8.75886e-32	5.27073e-17	2.91222e-16	1.99395e-35	-1.04355e-18	4.34172e-18
12.1739	2.12325e-31	5.59874e-17	4.57374e-16	2.35789e-36	-8.20075e-19	1.29822e-18
12.4415	2.19921e-31	-4.46963e-16	1.41933e-16	2.70954e-37	-4.04791e-19	3.27258e-19
12.709	6.19465e-32	-2.48351e-16	-1.63768e-17	3.02573e-38	-1.63259e-19	6.00316e-20
12.9766	2.86576e-31	-3.38943e-16	4.14359e-16	3.28345e-39	-5.72837e-20	1.42344e-21
13.2441	1.55206e-31	-3.80399e-16	1.02482e-16	3.46254e-40	-1.7762e-20	-5.54653e-21
13.5117	3.72133e-32	1.73371e-16	-8.45923e-17	3.54832e-41	-4.81256e-21	-3.51033e-21
13.7793	2.35436e-32	1.51954e-16	2.1298e-17	3.53358e-42	-1.08161e-21	-1.53743e-21
14.0468	9.30603e-33	-7.41957e-17	-6.16525e-17	3.41956e-43	-1.64731e-22	-5.61088e-22
14.3144	7.5271e-32	-2.61303e-16	8.36151e-17	3.21581e-44	7.52061e-24	-1.79169e-22
14.5819	1.47348e-31	-3.83671e-16	1.20368e-17	2.93883e-45	1.95766e-23	-5.05528e-23
14.8495	2.27601e-32	-4.00719e-17	-1.45445e-16	2.60989e-46	1.03702e-23	-1.23874e-23
15.1171	3.42655e-32	1.73521e-16	-6.44669e-17	2.25234e-47	4.05515e-24	-2.46559e-24
15.3846	1.37862e-32	1.02316e-16	-5.75983e-17	1.8889e-48	1.34161e-24	-2.98284e-25
15.6522	2.87777e-33	5.33672e-17	5.45149e-18	1.53939e-49	3.90033e-25	4.25819e-26
15.9197	1.14359e-32	2.63068e-17	1.03653e-16	1.21914e-50	1.00073e-25	4.66562e-26
16.1873	4.30944e-32	1.05303e-16	1.78901e-16	9.38254e-52	2.21225e-26	2.11861e-26
16.4548	9.67867e-32	5.45393e-17	3.06288e-16	7.01701e-53	3.86448e-27	7.43208e-27
16.7224	4.56533e-32	-1.19903e-16	1.76852e-16	5.09973e-54	3.4189e-28	2.23223e-27
16.99	1.13339e-32	4.75516e-17	-9.52512e-17	3.60169e-55	-1.04808e-28	5.90919e-28
17.2575	1.16592e-31	3.31173e-16	-8.31663e-17	2.4719e-56	-7.57979e-29	1.37745e-28
17.5251	5.70183e-32	2.34659e-16	4.41978e-17	1.64861e-57	-2.9978e-29	2.73848e-29
17.7926	1.43182e-32	-1.1435e-16	3.52459e-17	1.06849e-58	-9.46889e-30	4.14595e-30
18.0602	9.63401e-32	-3.04631e-16	-5.94992e-17	6.72953e-60	-2.58473e-30	2.20715e-31
18.3278	9.78672e-33	-7.02557e-17	-6.96481e-17	4.11874e-61	-6.23022e-31	-1.54005e-31
18.5953	9.85937e-32	2.78689e-16	1.44659e-16	2.44967e-62	-1.31782e-31	-8.44404e-32
18.8629	1.07978e-31	2.1311e-16	2.50125e-16	1.41584e-63	-2.34672e-32	-2.94131e-32
19.1304	1.026e-33	-2.36449e-17	2.16083e-17	7.95217e-65	-3.0235e-33	-8.38929e-33
19.398	7.48972e-33	-8.31766e-17	-2.39036e-17	4.34031e-66	-3.83134e-35	-2.08299e-33
19.6656	7.67967e-32	-1.6279e-16	2.24268e-16	2.30208e-67	1.45968e-34	-4.57057e-34
19.9331	1.02187e-31	-1.51062e-16	2.81722e-16	1.18654e-68	6.47581e-35	-8.75889e-35
20.2007	5.08473e-32	1.14864e-16	1.94045e-16	5.94306e-70	2.00286e-35	-1.38982e-35
20.4682	8.04288e-32	2.28913e-16	1.67414e-16	2.89269e-71	5.17022e-36	-1.48177e-36
20.7358	3.97533e-33	3.0934e-17	5.49401e-17	1.36822e-72	1.16834e-36	5.6595e-38
21.0033	3.66672e-32	-1.40357e-16	-1.30258e-16	6.28891e-74	2.33265e-37	9.20675e-38
21.2709	4.04488e-32	-7.02662e-17	-1.88445e-16	2.80904e-75	4.04193e-38	3.4283e-38
21.5385	1.74507e-32	1.321e-16	-4.39423e-19	1.21929e-76	5.67563e-39	9.47184e-39
21.806	1.13214e-31	1.52758e-16	2.99799e-16	5.143e-78	4.77896e-40	2.21689e-39
22.0736	1.07858e-31	-2.00218e-17	3.27807e-16	2.1081e-79	-5.27746e-41	4.56097e-40
22.3411	1.35993e-32	-3.29109e-17	1.11876e-16	8.39711e-81	-3.92562e-41	8.28013e-41
22.6087	2.09177e-33	1.47911e-17	4.32781e-17	3.25037e-82	-1.25535e-41	1.29401e-41
22.8763	2.04855e-32	-1.43049e-16	4.75086e-18	1.22264e-83	-3.11265e-42	1.59306e-42
23.1438	3.89117e-32	-1.33548e-16	-1.45178e-16	4.4692e-85	-6.61454e-43	9.6945e-44
23.4114	2.63507e-32	1.62328e-16	-6.1347e-19	1.58754e-86	-1.23917e-43	-2.2804e-44
23.6789	1.24994e-31	1.52744e-16	3.18846e-16	5.48004e-88	-2.04361e-44	-1.14179e-44
23.9465	4.25222e-32	-1.32089e-16	1.5835e-16	1.83826e-89	-2.87122e-45	-3.18413e-45
24.214	5.20956e-32	-8.63783e-17	-2.11269e-16	5.99229e-91	-3.05899e-46	-7.11094e-46
24.4816	1.76383e-32	9.77161e-17	-8.99438e-17	1.89821e-92	-1.08363e-47	-1.37349e-46
24.7492	3.75065e-32	-3.28312e-17	1.90863e-16	5.84329e-94	5.95201e-48	-2.34287e-47
25.0167	1.78739e-32	-1.05196e-16	8.25081e-17	1.74798e-95	2.27828e-48	-3.5056e-48
25.2843	2.32076e-32	1.48902e-16	-3.21849e-17	5.08134e-97	5.60072e-49	-4.40969e-49
25.5518	6.56123e-32	1.73063e-16	1.88843e-16	1.43544e-98	1.12973e-49	-3.98937e-50
25.8194	1.39337e-31	-2.33654e-16	2.91107e-16	3.94054e-100	1.98494e-50	-2.36994e-52
26.087	1.75429e-31	-4.16779e-16	4.15249e-17	1.05121e-101	3.08213e-51	1.00628e-51
26.3545	1.5679e-32	-8.49755e-17	-9.19683e-17	2.72514e-103	4.17749e-52	3.13048e-52
26.6221	6.16858e-32	2.22489e-16	1.10383e-16	6.86515e-105	4.67965e-53	6.83757e-53
26.8896	8.94111e-32	1.47384e-16	2.60171e-16	1.68065e-106	3.49116e-54	1.24851e-53
27.1572	1.75982e-32	-8.50819e-18	1.32385e-16	3.99822e-108	-1.09631e-55	1.99655e-54
27.4247	1.82995e-33	4.09125e-17	-1.24947e-17	9.24317e-110	-1.13439e-55	2.8207e-55
27.6923	2.10864e-32	1.43204e-16	2.40637e-17	2.07653e-111	-2.96997e-56	3.4561e-56
27.9599	1.60217e-32	9.92463e-17	7.85612e-17	4.53337e-113	-5.79774e-57	3.42343e-57
28.2274	4.68855e-34	8.11947e-18	-2.00731e-17	9.61761e-115	-9.59986e-58	2.00471e-58
28.495	2.54298e-32	5.28803e-17	-1.50444e-16	1.98279e-116	-1.39771e-58	-1.70874e-59
28.7625	4.24362e-32	1.8054e-16	-9.92043e-17	3.97239e-118	-1.79539e-59	-8.65428e-60
29.0301	3.95791e-32	1.71676e-16	1.00532e-16	7.73374e-120	-1.98349e-60	-1.94923e-60
29.2977	3.7588e-32	-2.98835e-17	1.91559e-16	1.46316e-121	-1.72072e-61	-3.41624e-61
29.5652	4.47106e-32	-2.06645e-16	4.48171e-17	2.69003e-123	-7.18996e-63	-5.13647e-62
29.8328	4.27705e-32	-1.4709e-16	-1.45379e-16	4.80604e-125	1.29868e-63	-6.80983e-63
30.1003	1.6269e-32	6.19216e-17	-1.11511e-16	8.34413e-127	4.50676e-64	-7.94546e-64
30.3679	3.69584e-32	1.4769e-16	1.2307e-16	1.40779e-128	8.86272e-65	-7.88869e-65
30.6355	7.66155e-32	2.05127e-17	2.76034e-16	2.30813e-130	1.39944e-65	-5.91344e-66
30.903	5.00904e-32	-1.20534e-16	1.88579e-16	3.67744e-132	1.91266e-66	-1.3849e-67
31.1706	7.19091e-33	-8.19313e-17	2.1867e-17	5.69372e-134	2.30885e-67	6.02443e-68
31.4381	4.10195e-33	6.24611e-17	1.41619e-17	8.56662e-136	2.4438e-68	1.61074e-68
31.7057	3.56691e-32	9.90825e-17	1.60785e-16	1.25253e-137	2.17135e-69	2.79473e-69
31.9732	6.10946e-32	-2.01641e-17	2.46349e-16	1.77963e-139	1.37898e-70	3.98681e-70
32.2408	3.83274e-32	-1.27637e-16	1.48446e-16	2.45717e-141	2.71975e-73	4.95691e-71
32.5084	7.52289e-33	-8.63687e-17	-7.95852e-18	3.29689e-143	-1.81726e-72	5.44669e-72
32.7759	1.08609e-33	2.2248e-17	-2.43129e-17	4.2987e-145	-3.96552e-73	5.22127e-73
33.0435	1.43841e-32	7.75283e-18	1.19683e-16	5.44672e-147	-6.11714e-74	4.12889e-74
33.311	9.59937e-32	-1.8536e-16	2.48264e-16	6.7065e-149	-7.90085e-75	2.15443e-75
33.5786	2.03481e-31	-4.03234e-16	2.02196e-16	8.02457e-151	-8.94117e-76	-5.48847e-77
33.8462	1.99275e-31	-4.46098e-16	1.6491e-17	9.33063e-153	-8.93848e-77	-3.66194e-77
34.1137	8.78554e-32	-2.68266e-16	-1.26051e-16	1.0543e-154	-7.74418e-78	-6.74223e-78
34.3813	7.95759e-33	-9.54919e-18	-8.86928e-17	1.15766e-156	-5.41079e-79	-9.29997e-79
34.6488	2.9382e-32	1.4449e-16	9.22203e-17	1.23527e-158	-2.20171e-80	-1.0894e-79
34.9164	8.029e-32	1.1827e-16	2.57492e-16	1.28088e-160	1.44584e-81	-1.12249e-80
35.1839	7.60435e-32	-1.58151e-17	2.75306e-16	1.29068e-162	4.99896e-82	-1.02019e-81
35.4515	3.45908e-32	-1.20879e-16	1.41347e-16	1.26384e-164	7.93133e-83	-7.96727e-83
35.7191	1.3421e-32	-1.07721e-16	-4.2628e-17	1.20262e-166	9.82578e-84	-4.86989e-84
35.9866	2.73629e-32	1.34212e-17	-1.64872e-16	1.11206e-168	1.04528e-84	-1.39447e-85
36.2542	5.9285e-32	1.61949e-16	-1.81817e-16	9.99295e-171	9.80722e-86	1.93596e-86
36.5217	8.12641e-32	2.55168e-16	-1.27096e-16	8.72615e-173	8.09541e-87	4.6611e-87
36.7893	7.21871e-32	2.60264e-16	-6.67064e-17	7.40484e-175	5.67969e-88	6.46448e-88
37.0569	4.30652e-32	2.01899e-16	-4.79808e-17	6.10622e-177	2.99505e-89	7.21747e-89
37.3244	2.38618e-32	1.3377e-16	-7.72484e-17	4.89321e-179	4.60147e-91	6.98e-90
37.592	2.71179e-32	1.0157e-16	-1.2962e-16	3.81047e-181	-1.59701e-91	5.96274e-91
37.8595	4.45595e-32	1.20828e-16	-1.7309e-16	2.88355e-183	-2.98405e-92	4.46441e-92
38.1271	6.65317e-32	1.76901e-16	-1.87717e-16	2.12051e-185	-3.65451e-93	2.80172e-93
38.3946	8.69253e-32	2.39885e-16	-1.71408e-16	1.51536e-187	-3.68705e-94	1.24872e-94
38.6622	9.77055e-32	2.82036e-16	-1.34763e-16	1.05234e-189	-3.24398e-95	-3.13243e-98
38.9298	9.17785e-32	2.88599e-16	-9.21376e-17	7.1017e-192	-2.52242e-96	-8.59719e-97
39.1973	7.0349e-32	2.59522e-16	-5.4746e-17	4.65727e-194	-1.71014e-97	-1.31632e-97
39.4649	4.26914e-32	2.04719e-16	-2.79574e-17	2.968e-196	-9.5459e-99	-1.43414e-98
39.7324	1.89651e-32	1.37192e-16	-1.19736e-17	1.83806e-198	-3.48221e-100	-1.31027e-99
40	4.55704e-33	6.73896e-17	-3.95981e-18	1.10617e-200	7.12114e-102	-1.04933e-100
