-40	4.01224e-137	-1.76761e-69	-6.0826e-69	1.43182e-202	9.2578e-102	-7.58125e-102
-39.7324	1.03169e-135	-2.79542e-68	-1.58194e-68	2.43752e-200	1.45281e-100	-5.71728e-101
-39.4649	2.61219e-134	-1.54284e-67	4.81489e-68	4.03246e-198	2.00403e-99	-1.27784e-100
-39.1973	6.52295e-133	-3.47095e-67	7.2926e-67	6.4827e-196	2.46849e-98	6.2391e-99
-38.9298	1.59895e-131	1.50983e-66	3.70269e-66	1.01276e-193	2.69831e-97	1.68722e-97
-38.6622	3.84111e-130	1.84486e-65	6.61526e-66	1.53752e-191	2.5283e-96	2.99715e-96
-38.3946	9.02849e-129	8.32387e-65	-4.58237e-65	2.26829e-189	1.80853e-95	4.40592e-95
-38.1271	2.0733e-127	9.56584e-65	-4.45174e-64	3.25193e-187	4.45844e-95	5.68511e-94
-37.8595	4.64544e-126	-1.30893e-63	-1.71235e-63	4.53051e-185	-1.55401e-93	6.54906e-93
-37.592	1.01439e-124	-1.00613e-62	-4.57531e-64	6.13362e-183	-4.0549e-92	6.7003e-92
-37.3244	2.15665e-123	-3.11502e-62	3.4443e-62	8.06958e-181	-6.78111e-91	5.89172e-91
-37.0569	4.46061e-122	3.23892e-62	2.08703e-61	1.03169e-178	-9.33915e-90	3.99364e-90
-36.7893	8.96926e-121	8.22106e-61	4.70179e-61	1.28177e-176	-1.12728e-88	1.04967e-89
-36.5217	1.75239e-119	3.87841e-60	-1.57538e-60	1.54752e-174	-1.21445e-87	-2.69526e-88
-36.2542	3.32526e-118	4.89253e-60	-1.75667e-59	1.81563e-172	-1.16284e-86	-6.80759e-87
-35.9866	6.12627e-117	-4.73489e-59	-6.23246e-59	2.07005e-170	-9.59382e-86	-1.07221e-85
-35.7191	1.09556e-115	-3.30981e-58	2.72528e-60	2.2935e-168	-6.15693e-85	-1.38363e-84
-35.4515	1.9014e-114	-8.06908e-58	1.11817e-57	2.46934e-166	-1.68498e-84	-1.56235e-83
-35.1839	3.20252e-113	1.78368e-57	5.37063e-57	2.5836e-164	3.25331e-83	-1.57409e-82
-34.9164	5.23498e-112	2.1886e-56	6.67097e-57	2.62685e-162	7.98351e-82	-1.41049e-81
-34.6488	8.30682e-111	7.15932e-56	-5.64024e-56	2.59543e-160	1.18479e-80	-1.09165e-80
-34.3813	1.28004e-109	-2.46139e-56	-3.56928e-55	2.49199e-158	1.43274e-79	-6.6275e-80
-34.1137	1.91671e-108	-1.20158e-54	-6.87691e-55	2.32514e-156	1.5135e-78	-1.85598e-79
-33.8462	2.79165e-107	-4.70438e-54	2.40526e-54	2.10821e-154	1.42605e-77	2.7311e-78
-33.5786	3.96038e-106	-1.88274e-54	1.98114e-53	1.85756e-152	1.19577e-76	6.53978e-77
-33.311	5.48309e-105	5.89262e-53	4.48418e-53	1.59051e-150	8.68004e-76	9.14922e-76
-33.0435	7.42756e-104	2.53415e-52	-1.00282e-52	1.32341e-148	4.98151e-75	1.03695e-74
-32.7759	9.87733e-103	1.52423e-52	-9.8209e-52	1.07008e-146	1.40871e-74	1.02481e-73
-32.5084	1.29466e-101	-2.81598e-51	-2.23984e-51	8.40817e-145	-1.59323e-73	9.03014e-73
-32.2408	1.68028e-100	-1.19727e-50	4.96813e-51	6.42024e-143	-3.7418e-72	7.08529e-72
-31.9732	2.16946e-99	-4.69028e-51	4.63407e-50	4.76392e-141	-4.93742e-71	4.82298e-71
-31.7057	2.79812e-98	1.39404e-49	9.24546e-50	3.43512e-139	-5.24541e-70	2.61474e-70
-31.4381	3.61551e-97	5.25542e-49	-2.92159e-49	2.40704e-137	-4.85019e-69	7.38938e-70
-31.1706	4.68463e-96	-7.27489e-50	-2.16318e-48	1.63904e-135	-3.99676e-68	-6.4521e-69
-30.903	6.07982e-95	-7.05837e-48	-3.31325e-48	1.08457e-133	-2.93425e-67	-1.49528e-67
-30.6355	7.88037e-94	-2.22037e-47	1.71765e-47	6.97414e-132	-1.87271e-66	-1.86202e-66
-30.3679	1.01597e-92	1.82872e-47	9.91223e-47	4.35801e-130	-9.58475e-66	-1.85454e-65
-30.1003	1.29703e-91	3.44403e-46	1.05304e-46	2.64636e-128	-2.68443e-65	-1.60446e-64
-29.8328	1.63263e-90	8.97773e-46	-9.09195e-46	1.56161e-126	1.81142e-64	-1.23645e-63
-29.5652	2.01859e-89	-1.35643e-45	-4.28322e-45	8.95495e-125	4.17318e-63	-8.49318e-63
-29.2977	2.4437e-88	-1.53792e-44	-2.80204e-45	4.99018e-123	4.90718e-62	-5.08147e-62
-29.0301	2.8891e-87	-3.32978e-44	4.21942e-44	2.7023e-121	4.58276e-61	-2.45383e-61
-28.7625	3.32878e-86	7.35318e-44	1.66976e-43	1.42205e-119	3.70983e-60	-6.76458e-61
-28.495	3.73147e-85	6.09268e-43	4.40439e-44	7.27208e-118	2.67362e-59	3.51939e-60
-28.2274	4.0638e-84	1.06642e-42	-1.71072e-42	3.61383e-116	1.71822e-58	8.13365e-59
-27.9599	4.29451e-83	-3.31602e-42	-5.65236e-42	1.74518e-114	9.63563e-58	9.0373e-58
-27.6923	4.39896e-82	-2.09466e-41	1.06539e-42	8.18988e-113	4.38776e-57	7.91494e-57
-27.4247	4.36316e-81	-2.72533e-41	6.01699e-41	3.73489e-111	1.18386e-56	5.99562e-56
-27.1572	4.18641e-80	1.27615e-40	1.59933e-40	1.65517e-109	-4.72072e-56	4.0409e-55
-26.8896	3.88193e-79	6.09885e-40	-1.2741e-40	7.12806e-108	-1.107e-54	2.42953e-54
-26.6221	3.47521e-78	4.73328e-40	-1.8031e-39	2.98307e-106	-1.16305e-53	1.27687e-53
-26.3545	3.00042e-77	-4.13913e-39	-3.58773e-39	1.21317e-104	-9.55426e-53	5.48022e-53
-26.087	2.4955e-76	-1.45206e-38	6.22115e-39	4.79448e-103	-6.77277e-52	1.44025e-52
-25.8194	1.99693e-75	-1.83577e-39	4.46493e-38	1.84131e-101	-4.26887e-51	-4.35694e-52
-25.5518	1.53532e-74	1.09878e-37	5.72718e-38	6.87186e-100	-2.40107e-50	-1.05202e-50
-25.2843	1.13236e-73	2.66247e-37	-2.05786e-37	2.49222e-98	-1.18248e-49	-1.04593e-49
-25.0167	7.99732e-73	-2.0703e-37	-8.69983e-37	8.78342e-97	-4.78112e-49	-8.06071e-49
-24.7492	5.39768e-72	-2.28505e-36	-4.19819e-37	3.00818e-95	-1.21895e-48	-5.34752e-48
-24.4816	3.4737e-71	-3.26123e-36	4.90931e-36	1.00117e-93	2.75328e-48	-3.15213e-47
-24.214	2.1264e-70	8.14629e-36	1.20945e-35	3.238e-92	6.9803e-47	-1.65854e-46
-23.9465	1.23526e-69	3.43188e-35	-7.58179e-36	1.01767e-90	6.57271e-46	-7.65291e-46
-23.6789	6.7999e-69	1.12234e-35	-8.16942e-35	3.10817e-89	4.75307e-45	-2.91377e-45
-23.4114	3.55161e-68	-1.68719e-34	-8.39643e-35	9.22498e-88	2.95115e-44	-7.18136e-45
-23.1438	1.77471e-67	-2.86546e-34	3.08808e-34	2.66066e-86	1.62686e-43	1.18221e-44
-22.8763	8.68752e-67	5.16727e-34	7.75722e-34	7.45724e-85	8.00734e-43	3.2334e-43
-22.6087	4.37603e-66	1.91791e-33	-8.35251e-34	2.03109e-83	3.46137e-42	2.88615e-42
-22.3411	2.42639e-65	-1.35653e-33	-4.73538e-33	5.37584e-82	1.24049e-41	1.95883e-41
-22.0736	1.53687e-64	-1.2254e-32	1.87777e-33	1.38269e-80	2.94661e-41	1.13836e-40
-21.806	1.07504e-63	-3.85394e-34	3.27856e-32	3.45597e-79	-3.40512e-41	5.86888e-40
-21.5385	7.75605e-63	8.57983e-32	1.98668e-32	8.39418e-78	-1.04553e-39	2.70205e-39
-21.2709	5.47881e-62	1.09981e-31	-2.06621e-31	1.9813e-76	-8.85561e-39	1.09411e-38
-21.0033	3.69165e-61	-4.29924e-31	-4.29337e-31	4.5445e-75	-5.64211e-38	3.6894e-38
-20.7358	2.34881e-60	-1.36874e-30	6.89452e-31	1.01295e-73	-3.06917e-37	8.42394e-38
-20.4682	1.40703e-59	4.87634e-31	3.71921e-30	2.19407e-72	-1.47985e-36	-6.42205e-38
-20.2007	7.93512e-59	8.6975e-30	1.92477e-30	4.61826e-71	-6.37295e-36	-2.35967e-36
-19.9331	4.21862e-58	1.11595e-29	-1.72432e-29	9.44647e-70	-2.41698e-35	-1.8986e-35
-19.6656	2.12046e-57	-2.72728e-29	-3.71033e-29	1.8777e-68	-7.66584e-35	-1.1358e-34
-19.398	1.01274e-56	-9.70805e-29	2.65092e-29	3.62698e-67	-1.67856e-34	-5.78379e-34
-19.1304	4.62329e-56	-2.28745e-29	2.13798e-28	6.80815e-66	7.50945e-35	-2.60816e-33
-18.8629	2.02293e-55	3.96974e-28	2.11436e-28	1.24187e-64	3.71663e-33	-1.05059e-32
-18.5953	8.42932e-55	7.11327e-28	-5.8047e-28	2.20135e-63	2.84418e-32	-3.7315e-32
-18.3278	3.28659e-54	-4.90418e-28	-1.7453e-27	3.79196e-62	1.59801e-31	-1.1128e-31
-18.0602	1.17715e-53	-3.39905e-27	-4.66822e-28	6.34751e-61	7.61822e-31	-2.33193e-31
-17.7926	3.93722e-53	-3.08903e-27	5.46169e-27	1.03254e-59	3.21299e-30	4.56236e-32
-17.5251	1.3923e-52	7.92939e-27	8.73811e-27	1.6322e-58	1.21052e-29	4.08476e-30
-17.2575	6.32981e-52	2.31299e-26	-9.89895e-27	2.5073e-57	4.02622e-29	2.97699e-29
-16.99	3.51262e-51	5.71257e-27	-5.89914e-26	3.74284e-56	1.12861e-28	1.57133e-28
-16.7224	1.88426e-50	-9.35243e-26	-1.00478e-25	5.42951e-55	2.25926e-28	7.01362e-28
-16.4548	8.63228e-50	-2.88283e-25	-5.6709e-26	7.65393e-54	1.06957e-30	2.76657e-27
-16.1873	3.41768e-49	-5.75982e-25	1.00063e-25	1.04851e-52	-3.13204e-27	9.7489e-27
-15.9197	1.6681e-48	-1.26808e-24	2.45094e-25	1.3958e-51	-2.17714e-26	3.03612e-26
-15.6522	1.79316e-47	-4.19151e-24	6.02334e-25	1.80567e-50	-1.07986e-25	7.99738e-26
-15.3846	2.49721e-46	-1.48227e-23	5.47809e-24	2.26996e-49	-4.51314e-25	1.5268e-25
-15.1171	2.89907e-45	-4.09429e-23	3.49677e-23	2.77307e-48	-1.66507e-24	2.49312e-26
-14.8495	2.72861e-44	-7.72048e-23	1.46033e-22	3.29206e-47	-5.48767e-24	-1.67513e-24
-14.5819	2.23467e-43	-6.75176e-23	4.67877e-22	3.79786e-46	-1.60011e-23	-1.11243e-23
-14.3144	1.76326e-42	1.9582e-22	1.31336e-21	4.25769e-45	-3.9595e-23	-5.18645e-23
-14.0468	1.4463e-41	1.52598e-21	3.48344e-21	4.63845e-44	-7.19857e-23	-2.02984e-22
-13.7793	1.2262e-40	7.02833e-21	8.55703e-21	4.91062e-43	-2.07095e-23	-7.00452e-22
-13.5117	1.02367e-39	2.66048e-20	1.77722e-20	5.052e-42	6.24793e-22	-2.15908e-21
-13.2441	8.19719e-39	8.68478e-20	2.55863e-20	5.05073e-41	3.97124e-21	-5.89377e-21
-12.9766	6.324e-38	2.51454e-19	-3.29389e-21	4.90692e-40	1.74092e-20	-1.36972e-20
-12.709	4.76587e-37	6.57952e-19	-2.09012e-19	4.63263e-39	6.38103e-20	-2.36828e-20
-12.4415	3.53274e-36	1.55106e-18	-1.06158e-18	4.25021e-38	2.0596e-19	-9.09753e-21
-12.1739	2.57156e-35	3.17657e-18	-3.95285e-18	3.78929e-37	5.93744e-19	1.62471e-19
-11.9064	1.83133e-34	5.04197e-18	-1.25583e-17	3.28298e-36	1.51723e-18	9.9045e-19
-11.6388	1.27383e-33	3.06478e-18	-3.55589e-17	2.76403e-35	3.31077e-18	4.084e-18
-11.3712	8.65706e-33	-1.93823e-17	-9.10021e-17	2.26142e-34	5.43757e-18	1.40205e-17
-11.1037	5.75211e-32	-1.16164e-16	-2.09826e-16	1.79798e-33	2.48879e-18	4.23295e-17
-10.8361	3.7373e-31	-4.39179e-16	-4.25267e-16	1.38916e-32	-2.94467e-17	1.14125e-16
-10.5686	2.37404e-30	-1.37147e-15	-7.02229e-16	1.04299e-31	-1.72575e-16	2.72978e-16
-10.301	1.47407e-29	-3.77943e-15	-6.75694e-16	7.60986e-31	-6.69562e-16	5.59171e-16
-10.0334	8.9449e-29	-9.39018e-15	1.12848e-15	5.39554e-30	-2.15318e-15	8.71404e-16
-9.76589	5.30415e-28	-2.10637e-14	9.31323e-15	3.71756e-29	-6.0808e-15	4.46605e-16
-9.49833	3.07326e-27	-4.19261e-14	3.62693e-14	2.48911e-28	-1.53324e-14	-3.71846e-15
-9.23077	1.73974e-26	-7.01254e-14	1.11713e-13	1.61955e-27	-3.43261e-14	-2.10064e-14
-8.96321	9.62111e-26	-8.0736e-14	2.99487e-13	1.02402e-26	-6.5991e-14	-7.67163e-14
-8.69565	5.19724e-25	2.45776e-14	7.205e-13	6.29198e-26	-9.74825e-14	-2.31121e-13
-8.42809	2.74208e-24	5.39252e-13	1.56566e-12	3.7569e-25	-5.3807e-14	-6.10569e-13
-8.16054	1.41286e-23	2.21291e-12	3.03837e-12	2.1799e-24	3.2702e-13	-1.43978e-12
-7.89298	7.10862e-23	6.74576e-12	5.05777e-12	1.22915e-23	1.78622e-12	-3.01678e-12
-7.62542	3.49213e-22	1.75848e-11	6.32369e-12	6.73504e-23	6.1429e-12	-5.44198e-12
-7.35786	1.67481e-21	4.08795e-11	1.91821e-12	3.58623e-22	1.73396e-11	-7.61327e-12
-7.0903	7.84094e-21	8.57608e-11	-2.2046e-11	1.85567e-21	4.28515e-11	-4.40704e-12
-6.82274	3.58302e-20	1.61343e-10	-9.89877e-11	9.33098e-21	9.44998e-11	2.00192e-11
-6.55518	1.59794e-19	2.64071e-10	-3.00101e-10	4.5595e-20	1.85305e-10	1.06099e-10
-6.28763	6.95438e-19	3.41995e-10	-7.60577e-10	2.16507e-19	3.13595e-10	3.43751e-10
-6.02007	2.95322e-18	2.11391e-10	-1.70544e-09	9.99055e-19	4.15139e-10	9.09238e-10
-5.75251	1.22356e-17	-6.12841e-10	-3.44384e-09	4.47993e-18	2.47222e-10	2.1021e-09
-5.48495	4.9454e-17	-3.22073e-09	-6.25147e-09	1.95217e-17	-8.52539e-10	4.3353e-09
-5.21739	1.94975e-16	-9.77578e-09	-9.97041e-09	8.26661e-17	-4.40212e-09	7.95534e-09
-4.94983	7.4974e-16	-2.40915e-08	-1.3013e-08	3.40174e-16	-1.3443e-08	1.26278e-08
-4.68227	2.81159e-15	-5.2019e-08	-1.02768e-08	1.36031e-15	-3.33238e-08	1.58063e-08
-4.41472	1.02815e-14	-1.00836e-07	1.06627e-08	5.28617e-15	-7.20768e-08	9.54448e-09
-4.14716	3.66592e-14	-1.75905e-07	7.56087e-08	1.99621e-14	-1.39015e-07	-2.52372e-08
-3.8796	1.27433e-13	-2.71472e-07	2.3181e-07	7.32549e-14	-2.38703e-07	-1.27576e-07
-3.61204	4.31828e-13	-3.50749e-07	5.55701e-07	2.61234e-13	-3.55334e-07	-3.67385e-07
-3.34448	1.42635e-12	-3.09127e-07	1.1536e-06	9.0529e-13	-4.20255e-07	-8.53625e-07
-3.07692	4.59178e-12	8.4857e-08	2.14116e-06	3.04866e-12	-2.54433e-07	-1.72741e-06
-2.80936	1.44057e-11	1.27022e-06	3.57663e-06	9.97689e-12	5.18817e-07	-3.11572e-06
-2.54181	4.40397e-11	3.97966e-06	5.31055e-06	3.17282e-11	2.58231e-06	-5.00598e-06
-2.27425	1.31179e-10	9.28415e-06	6.70699e-06	9.80524e-11	7.01648e-06	-6.98724e-06
-2.00669	3.80675e-10	1.85e-05	6.19878e-06	2.94467e-10	1.52832e-05	-7.80316e-06
-1.73913	1.07615e-09	3.27976e-05	6.81901e-07	8.59365e-10	2.89366e-05	-4.6943e-06
-1.47157	2.96329e-09	5.22865e-05	-1.51464e-05	2.43715e-09	4.88101e-05	7.39772e-06
-1.20401	7.94735e-09	7.43264e-05	-4.92234e-05	6.71664e-09	7.33757e-05	3.65056e-05
-0.936455	2.07574e-08	9.08879e-05	-0.000111789	1.79881e-08	9.60148e-05	9.36444e-05
-0.668896	5.27944e-08	8.50524e-05	-0.000213449	4.68148e-08	0.000101189	0.000191248
-0.401338	1.30745e-07	2.72719e-05	-0.000360557	1.18398e-07	6.00482e-05	0.00033881
-0.133779	3.15245e-07	-0.000127147	-0.000546881	2.90984e-07	-7.30462e-05	0.000534461
0.133779	7.39975e-07	-0.000436805	-0.000741065	6.94959e-07	-0.000360407	0.000751708
0.401338	1.6908e-06	-0.000965684	-0.00087078	1.61292e-06	-0.000873383	0.000922019
0.668896	3.76045e-06	-0.00176338	-0.000806802	3.63772e-06	-0.00167266	0.000916472
0.936455	8.1399e-06	-0.00283108	-0.000353388	7.9728e-06	-0.0027728	0.000533255
1.20401	1.71473e-05	-0.00407329	0.000745364	1.69807e-05	-0.00409051	-0.000498402
1.47157	3.51506e-05	-0.00524117	0.00277143	3.51451e-05	-0.00538248	-0.00248475
1.73913	7.01127e-05	-0.00588114	0.00596028	7.06867e-05	-0.00618751	-0.00569222
2.00669	0.000136067	-0.00531177	0.0103852	0.000138158	-0.00579771	-0.0102247
2.27425	0.000256901	-0.00265796	0.0158062	0.000262407	-0.00329095	-0.0158612
2.54181	0.000471851	0.00302775	0.0215101	0.000484329	0.00234288	-0.0218824
2.80936	0.000843017	0.0125385	0.0261878	0.0008687	0.0119617	-0.0269373
3.07692	0.00146497	0.0261874	0.0279141	0.00151413	0.0259243	-0.0290183
3.34448	0.00247602	0.0434251	0.0242956	0.0025646	0.0436837	-0.025619
3.61204	0.00406985	0.0624902	0.0128385	0.00422124	0.0634169	-0.0141258
3.8796	0.00650542	0.0802112	-0.0084605	0.00675189	0.0818218	0.0075551
4.14716	0.0101115	0.0920989	-0.0403645	0.0104948	0.0942244	0.0402064
4.41472	0.0152817	0.0928332	-0.0816315	0.0158521	0.0951065	0.0825037
4.68227	0.0224552	0.0771782	-0.128447	0.0232682	0.0790784	0.130441
4.94983	0.0320794	0.0412394	-0.174295	0.0331898	0.0421984	0.177226
5.21739	0.0445528	-0.016157	-0.210456	0.0460054	-0.016604	0.213845
5.48495	0.0601504	-0.092293	-0.227228	0.0619694	-0.0943507	0.230363
5.75251	0.0789393	-0.179976	-0.21575	0.0811166	-0.183474	0.217839
6.02007	0.100697	-0.267859	-0.170144	0.103183	-0.272227	0.170514
6.28763	0.124851	-0.341825	-0.0894779	0.127546	-0.34618	0.0877816
6.55518	0.150451	-0.387313	0.0209652	0.153211	-0.390648	-0.0246059
6.82274	0.1762	-0.392201	0.149593	0.178846	-0.393646	-0.154561
7.0903	0.200544	-0.349645	0.279807	0.202877	-0.348702	-0.285103
7.35786	0.221813	-0.260141	0.392606	0.223639	-0.256851	-0.397073
7.62542	0.238409	-0.132251	0.470019	0.239568	-0.127212	-0.472636
7.89298	0.249001	0.0183601	0.498662	0.249387	0.0241204	-0.498803
8.16054	0.252702	0.171455	0.472551	0.252279	0.176732	-0.470154
8.42809	0.249191	0.305856	0.394516	0.248001	0.309563	-0.390092
8.69565	0.238759	0.403353	0.275799	0.236913	0.404788	-0.270296
8.96321	0.22227	0.452034	0.133925	0.219933	0.451027	-0.128479
9.23077	0.201042	0.44825	-0.0106757	0.198406	0.445174	0.015023
9.49833	0.176673	0.396851	-0.138498	0.173933	0.392482	0.141036
9.76589	0.150841	0.30969	-0.234378	0.148175	0.304986	0.234858
10.0334	0.125121	0.202865	-0.289771	0.122668	0.198723	0.288404
10.301	0.100832	0.0933965	-0.303495	0.0986847	0.0904596	0.300835
10.5686	0.0789447	-0.00386958	-0.280944	0.0771496	-0.00531822	0.277707
10.8361	0.0600476	-0.0785091	-0.232129	0.0586114	-0.0785395	0.229004
11.1037	0.044373	-0.125551	-0.169145	0.0432707	-0.124498	0.166646
11.3712	0.0318559	-0.14528	-0.103681	0.0310434	-0.143611	0.102075
11.6388	0.0222184	-0.14207	-0.0451042	0.0216426	-0.14025	0.044413
11.9064	0.0150552	-0.122698	0.000613494	0.0146627	-0.121088	-0.000552497
12.1739	0.00991096	-0.0945816	0.031069	0.00965341	-0.0933929	-0.0305152
12.4415	0.00633878	-0.0643453	0.0468878	0.00617607	-0.0636377	-0.046112
12.709	0.00393878	-0.0369137	0.0507559	0.0038398	-0.0366324	-0.0499786
12.9766	0.00237789	-0.0151824	0.0463399	0.00231989	-0.015209	-0.045701
13.2441	0.00139477	-0.000168891	0.0373463	0.00136205	-0.000369888	-0.036904
13.5117	0.00079489	0.0085321	0.0268718	0.000777104	0.00827057	-0.0266214
13.7793	0.000440162	0.0121777	0.0170841	0.000430854	0.0119329	-0.0169841
14.0468	0.000236828	0.0123449	0.00918869	0.000232138	0.0121559	-0.00918536
14.3144	0.000123817	0.0105327	0.0035887	0.000121542	0.0104087	-0.0036334
14.5819	6.29033e-05	0.00793	0.000135637	6.18399e-05	0.00786146	-0.000193494
14.8495	3.10544e-05	0.00533361	-0.00161461	3.05757e-05	0.00530393	0.00156334
15.1171	1.48987e-05	0.00317528	-0.00219461	1.46909e-05	0.00316799	0.00215748
15.3846	6.94656e-06	0.00160654	-0.0020894	6.85935e-06	0.00160924	0.00206632
15.6522	3.14778e-06	0.000600411	-0.00166952	3.11231e-06	0.000605653	0.00165695
15.9197	1.38635e-06	4.15329e-05	-0.0011767	1.37229e-06	4.59012e-05	0.00117055
16.1873	5.93473e-07	-0.000208699	-0.000741564	5.87994e-07	-0.000206045	0.000738606
16.4548	2.4695e-07	-0.000273829	-0.000414689	2.4483e-07	-0.000272524	0.000412989
16.7224	9.98897e-08	-0.00024609	-0.000198317	9.90648e-08	-0.000245475	0.000196994
16.99	3.92793e-08	-0.000184791	-7.16358e-05	3.89528e-08	-0.000184361	7.0453e-05
17.2575	1.50164e-08	-0.000122308	-7.5625e-06	1.48841e-08	-0.000121824	6.55786e-06
17.5251	5.58151e-09	-7.24626e-05	1.81846e-05	5.52673e-09	-7.18916e-05	-1.89296e-05
17.7926	2.01722e-09	-3.82184e-05	2.35919e-05	1.99425e-09	-3.7628e-05	-2.40497e-05
18.0602	7.08927e-10	-1.73774e-05	2.01731e-05	6.99285e-10	-1.68499e-05	-2.03805e-05
18.3278	2.42285e-10	-6.13188e-06	1.43068e-05	2.38283e-10	-5.72004e-06	-1.43375e-05
18.5953	8.05306e-11	-8.89433e-07	8.9297e-06	7.89035e-11	-6.0679e-07	-8.86202e-06
18.8629	2.60339e-11	1.04272e-06	4.99466e-06	2.539e-11	1.21183e-06	-4.89096e-06
19.1304	8.18642e-12	1.39758e-06	2.49664e-06	7.93952e-12	1.48267e-06	-2.39608e-06
19.398	2.50417e-12	1.15077e-06	1.08623e-06	2.41262e-12	1.18254e-06	-1.00708e-06
19.6656	7.45219e-13	7.76097e-07	3.78011e-07	7.12439e-13	7.79328e-07	-3.24172e-07
19.9331	2.15771e-13	4.59255e-07	6.96811e-08	2.04442e-13	4.50598e-07	-3.74629e-08
20.2007	6.07894e-14	2.43733e-07	-3.71947e-08	5.70108e-14	2.32574e-07	5.4037e-08
20.4682	1.66659e-14	1.16088e-07	-5.64748e-08	1.54493e-14	1.06639e-07	6.3855e-08
20.7358	4.44671e-15	4.86361e-08	-4.56206e-08	4.06839e-15	4.20591e-08	4.79523e-08
21.0033	1.15477e-15	1.68098e-08	-2.95331e-08	1.04112e-15	1.28255e-08	2.96079e-08
21.2709	2.91908e-16	3.69944e-09	-1.668e-08	2.58907e-16	1.56691e-09	1.60141e-08
21.5385	7.18337e-17	-6.789e-10	-8.44824e-09	6.25677e-17	-1.67758e-09	7.73003e-09
21.806	1.72103e-17	-1.53054e-09	-3.85587e-09	1.46933e-17	-1.92108e-09	3.31705e-09
22.0736	4.01487e-18	-1.25172e-09	-1.56463e-09	3.35317e-18	-1.3589e-09	1.22742e-09
22.3411	9.12055e-19	-7.88229e-10	-5.39212e-10	7.43625e-19	-7.86203e-10	3.54272e-10
22.6087	2.01783e-19	-4.28512e-10	-1.34763e-10	1.60257e-19	-3.97807e-10	4.47901e-11
22.8763	4.3482e-20	-2.08512e-10	-2.14097e-12	3.35616e-20	-1.79578e-10	-3.62382e-11
23.1438	9.12727e-21	-9.17282e-11	2.67059e-11	6.83019e-21	-7.21132e-11	-4.03717e-11
23.4114	1.8665e-21	-3.62316e-11	2.35323e-11	1.35079e-21	-2.50305e-11	-2.69121e-11
23.6789	3.71893e-22	-1.24667e-11	1.4713e-11	2.596e-22	-6.83286e-12	-1.45915e-11
23.9465	7.22042e-23	-3.40269e-12	7.78627e-12	4.84828e-23	-8.79887e-13	-6.90714e-12
24.214	1.36617e-23	-4.49706e-13	3.66872e-12	8.79901e-24	5.44292e-13	-2.91595e-12
24.4816	2.51942e-24	2.6408e-13	1.56515e-12	1.55183e-24	5.92612e-13	-1.09574e-12
24.7492	4.52914e-25	2.95961e-13	6.04418e-13	2.65961e-25	3.72464e-13	-3.56695e-13
25.0167	7.93767e-26	1.90503e-13	2.0757e-13	4.42952e-26	1.89279e-13	-9.20244e-14
25.2843	1.3561e-26	9.97594e-14	6.00754e-14	7.169e-27	8.38262e-14	-1.19233e-14
25.5518	2.25854e-27	4.59682e-14	1.2061e-14	1.12752e-27	3.30948e-14	5.67929e-15
25.8194	3.67125e-28	1.91529e-14	-5.40173e-16	1.72327e-28	1.16367e-14	6.07583e-15
26.087	5.82756e-29	7.26697e-15	-2.3381e-15	2.55946e-29	3.55207e-15	3.60242e-15
26.3545	9.00086e-30	2.48889e-15	-1.6752e-15	3.69408e-30	8.65506e-16	1.71609e-15
26.6221	1.35332e-30	7.45944e-16	-8.92685e-16	5.18117e-31	1.11747e-16	7.11077e-16
26.8896	2.00038e-31	1.80138e-16	-4.09376e-16	7.06178e-32	-4.1121e-17	2.62539e-16
27.1572	2.8682e-32	2.38163e-17	-1.67675e-16	9.35328e-33	-4.3507e-17	8.63737e-17
27.4247	3.89941e-33	-8.87936e-18	-6.18107e-17	1.20386e-33	-2.43484e-17	2.47188e-17
27.6923	5.49302e-34	-1.03017e-17	-2.10518e-17	1.50576e-34	-1.08746e-17	5.685e-18
27.9599	8.46904e-35	-5.95529e-18	-7.01605e-18	1.83019e-35	-4.21607e-18	7.25722e-19
28.2274	1.03498e-35	-2.38555e-18	-2.15848e-18	2.16174e-36	-1.45574e-18	-2.06304e-19
28.495	6.95746e-37	-7.5761e-19	-3.48961e-19	2.48126e-37	-4.48094e-19	-2.17573e-19
28.7625	1.28261e-37	-3.27654e-19	1.4458e-19	2.76762e-38	-1.2021e-19	-1.15003e-19
29.0301	5.33671e-38	-2.0966e-19	9.70043e-20	2.99988e-39	-2.60802e-20	-4.81633e-20
29.2977	8.52313e-39	-9.21808e-20	-5.08307e-21	3.15984e-40	-3.27065e-21	-1.74725e-20
29.5652	4.73237e-40	-7.97947e-21	-2.02377e-20	3.23438e-41	7.15788e-22	-5.64194e-21
29.8328	1.70156e-40	1.30442e-20	6.63143e-23	3.21722e-42	7.59829e-22	-1.62477e-21
30.1003	8.79584e-41	4.7344e-21	8.09592e-21	3.10981e-43	3.79581e-22	-4.08533e-22
30.3679	2.01406e-41	-1.8024e-21	4.10999e-21	2.92113e-44	1.49091e-22	-8.35664e-23
30.6355	3.16587e-42	-1.77815e-21	6.37857e-23	2.66645e-45	5.06121e-23	-1.02402e-23
30.903	6.00212e-43	-2.26737e-22	-7.40812e-22	2.36526e-46	1.52837e-23	1.71293e-24
31.1706	1.55095e-43	3.21464e-22	-2.27499e-22	2.03886e-47	4.11767e-24	1.85294e-24
31.4381	4.04005e-44	1.73692e-22	1.01152e-22	1.70789e-48	9.70265e-25	8.75487e-25
31.7057	1.02844e-44	-6.07973e-25	1.0141e-22	1.39027e-49	1.87032e-25	3.22561e-25
31.9732	2.73437e-45	-3.96758e-23	3.40616e-23	1.09976e-50	2.22935e-26	1.02473e-25
32.2408	9.67888e-46	-3.08839e-23	3.75108e-24	8.45404e-52	-2.81664e-27	2.89391e-26
32.5084	5.8743e-46	-2.19404e-23	-1.02979e-23	6.31529e-53	-3.15506e-27	7.29373e-27
32.7759	4.10045e-46	-7.64099e-24	-1.87526e-23	4.58444e-54	-1.41104e-27	1.61041e-27
33.0435	2.4266e-46	7.29908e-24	-1.37617e-23	3.23403e-55	-4.87753e-28	2.92404e-28
33.311	1.15799e-46	1.06456e-23	-1.5719e-24	2.217e-56	-1.45015e-28	3.37714e-29
33.5786	4.47839e-47	4.56947e-24	4.88916e-24	1.4769e-57	-3.82999e-29	-3.16457e-30
33.8462	1.40487e-47	-8.50204e-25	3.65046e-24	9.5609e-59	-9.03e-30	-3.75074e-30
34.1137	3.5069e-48	-1.75746e-24	6.46717e-25	6.01467e-60	-1.86796e-30	-1.58915e-30
34.3813	6.54791e-49	-6.45638e-25	-4.87794e-25	3.67696e-61	-3.19337e-31	-5.1548e-31
34.6488	7.56195e-50	2.89559e-26	-2.73461e-25	2.18439e-62	-3.56179e-32	-1.43441e-31
34.9164	2.10138e-51	4.51383e-26	-7.99515e-27	1.26106e-63	2.40772e-33	-3.54296e-32
35.1839	1.51831e-51	-3.88896e-26	-2.43047e-27	7.07462e-65	3.11278e-33	-7.81389e-33
35.4515	2.54579e-51	-1.87861e-26	-4.68281e-26	3.85688e-66	1.2506e-33	-1.51422e-33
35.7191	1.63565e-51	2.3225e-26	-3.31097e-26	2.0433e-67	3.80755e-34	-2.43631e-34
35.9866	7.22503e-52	2.68792e-26	1.02473e-28	1.05195e-68	9.91704e-35	-2.61665e-35
36.2542	2.56034e-52	9.29821e-27	1.30222e-26	5.26281e-70	2.29083e-35	1.22144e-36
36.5217	7.7655e-53	-2.72805e-27	8.37931e-27	2.55863e-71	4.72595e-36	1.80324e-36
36.7893	2.08559e-53	-4.31754e-27	1.48821e-27	1.20881e-72	8.57839e-37	6.87696e-37
37.0569	5.06318e-54	-1.87976e-27	-1.23681e-27	5.54978e-74	1.29852e-37	1.96561e-37
37.3244	1.12655e-54	-9.01719e-29	-1.05755e-27	2.47603e-75	1.33952e-38	4.79229e-38
37.592	2.32045e-55	3.48431e-28	-3.32627e-28	1.0735e-76	-4.00692e-40	1.03532e-38
37.8595	4.45975e-56	2.0963e-28	2.55468e-29	4.52282e-78	-7.29088e-40	1.99781e-39
38.1271	8.05042e-57	4.88899e-29	7.52343e-29	1.85175e-79	-2.64233e-40	3.39641e-40
38.3946	1.37281e-57	-1.04874e-29	3.55362e-29	7.36747e-81	-7.09199e-41	4.83512e-41
38.6622	2.22317e-58	-1.35518e-29	6.21817e-30	2.84852e-82	-1.61865e-41	4.77998e-42
38.9298	3.43562e-59	-5.3647e-30	-2.36138e-30	1.07024e-83	-3.27051e-42	-7.88261e-44
39.1973	5.0845e-60	-7.07058e-31	-2.14116e-30	3.90761e-85	-5.90289e-43	-2.05717e-43
39.4649	7.22534e-61	4.18544e-31	-7.39835e-31	1.38645e-86	-9.39799e-44	-7.09384e-44
39.7324	1.02453e-61	3.12018e-31	-7.13953e-32	4.78035e-88	-1.25784e-44	-1.78835e-44
40	1.37645e-62	1.04386e-31	5.35535e-32	1.6017e-89	-1.18932e-45	-3.82132e-45
