-40	2.46825e-35	1.86754e-18	-4.60378e-18	2.84873e-158	1.32023e-79	1.05154e-79
-39.7324	1.18816e-34	3.75309e-18	-1.02338e-17	2.65575e-156	1.61022e-78	2.50908e-79
-39.4649	3.42752e-34	5.50896e-18	-1.76749e-17	2.40596e-154	1.4498e-77	-5.51402e-78
-39.1973	8.10269e-34	6.90904e-18	-2.7614e-17	2.11812e-152	9.25666e-77	-1.12306e-76
-38.9298	1.72107e-33	7.77647e-18	-4.07504e-17	1.81209e-150	2.29507e-76	-1.32643e-75
-38.6622	3.42266e-33	8.09238e-18	-5.79412e-17	1.50651e-148	-4.17049e-75	-1.15437e-74
-38.3946	6.51807e-33	7.93974e-18	-8.03432e-17	1.2171e-146	-8.39444e-74	-7.15846e-74
-38.1271	1.20091e-32	7.1072e-18	-1.09356e-16	9.55535e-145	-9.60276e-73	-1.82769e-73
-37.8595	2.13387e-32	4.31529e-18	-1.46014e-16	7.29004e-143	-8.07765e-72	2.76622e-72
-37.592	3.59303e-32	-3.60393e-18	-1.89519e-16	5.40478e-141	-4.86332e-71	5.51325e-71
-37.3244	5.56998e-32	-2.17491e-17	-2.35004e-16	3.89394e-139	-1.26925e-70	6.1097e-70
-37.0569	7.68089e-32	-5.53578e-17	-2.71559e-16	2.72625e-137	1.60865e-69	4.96736e-69
-36.7893	9.10083e-32	-1.05714e-16	-2.82547e-16	1.85483e-135	3.18159e-68	2.90272e-68
-36.5217	8.99668e-32	-1.64988e-16	-2.50491e-16	1.22633e-133	3.41629e-67	7.69618e-68
-36.2542	7.3507e-32	-2.13463e-16	-1.67154e-16	7.87908e-132	2.68454e-66	-8.19952e-67
-35.9866	5.20734e-32	-2.23596e-16	-4.55867e-17	4.91934e-130	1.52211e-65	-1.61323e-65
-35.7191	3.53663e-32	-1.73112e-16	7.3475e-17	2.98471e-128	4.0786e-65	-1.6788e-64
-35.4515	2.08575e-32	-6.32929e-17	1.29813e-16	1.75979e-126	-3.66204e-64	-1.27502e-63
-35.1839	9.61995e-33	6.84074e-17	7.02878e-17	1.00829e-124	-7.18713e-63	-7.01243e-63
-34.9164	3.70458e-32	1.54829e-16	-1.14341e-16	5.614e-123	-7.25022e-62	-1.89057e-62
-34.6488	1.49234e-31	1.31068e-16	-3.63394e-16	3.03755e-121	-5.32198e-61	1.4325e-61
-34.3813	3.10079e-31	-1.83634e-17	-5.56545e-16	1.59712e-119	-2.83843e-60	2.81329e-60
-34.1137	3.79164e-31	-2.26628e-16	-5.72541e-16	8.16053e-118	-7.67e-60	2.75177e-59
-33.8462	2.72605e-31	-3.62376e-16	-3.75884e-16	4.05192e-116	4.90565e-59	1.95225e-58
-33.5786	1.03018e-31	-3.12575e-16	-7.28998e-17	1.9551e-114	9.67531e-58	1.00945e-57
-33.311	2.50447e-32	-8.92449e-17	1.30691e-16	9.16726e-113	9.17866e-57	2.72485e-57
-33.0435	2.53105e-32	1.36616e-16	8.15259e-17	4.1771e-111	6.29368e-56	-1.46987e-56
-32.7759	5.02864e-32	1.53558e-16	-1.63421e-16	1.84958e-109	3.15422e-55	-2.92347e-55
-32.5084	1.24151e-31	-7.45325e-17	-3.44378e-16	7.9586e-108	8.48047e-55	-2.69062e-54
-32.2408	1.51135e-31	-3.10689e-16	-2.33682e-16	3.32785e-106	-3.85069e-54	-1.78314e-53
-31.9732	7.07768e-32	-2.45838e-16	1.01688e-16	1.35224e-104	-7.76082e-53	-8.6599e-53
-31.7057	1.30655e-31	1.39223e-16	3.33574e-16	5.33961e-103	-6.93151e-52	-2.31305e-52
-31.4381	2.88013e-31	4.7982e-16	2.40387e-16	2.04894e-101	-4.43991e-51	8.81236e-52
-31.1706	1.7486e-31	4.17826e-16	-1.67917e-17	7.64031e-100	-2.08906e-50	1.81001e-50
-30.903	1.73832e-32	5.83766e-17	-1.18217e-16	2.76859e-98	-5.53058e-50	1.5693e-49
-30.6355	2.24948e-32	-1.4244e-16	-4.69661e-17	9.74919e-97	1.75978e-49	9.71572e-49
-30.3679	8.56669e-33	2.26753e-17	-8.97359e-17	3.33613e-95	3.70857e-48	4.42808e-48
-30.1003	1.71181e-31	2.67123e-16	-3.15952e-16	1.10938e-93	3.12239e-47	1.15955e-47
-29.8328	2.28999e-31	2.89391e-16	-3.81119e-16	3.58496e-92	1.86848e-46	-3.06202e-47
-29.5652	4.33086e-32	1.89345e-16	-8.63549e-17	1.12577e-90	8.24724e-46	-6.67536e-46
-29.2977	6.05529e-32	1.39429e-16	2.02762e-16	3.43544e-89	2.13226e-45	-5.45966e-45
-29.0301	1.04448e-32	-3.69135e-18	1.02133e-16	1.01877e-87	-4.63353e-45	-3.15801e-44
-28.7625	1.16358e-31	-3.09269e-16	-1.43912e-16	2.93586e-86	-1.05554e-43	-1.3497e-43
-28.495	1.45645e-31	-3.67131e-16	-1.04211e-16	8.22162e-85	-8.38961e-43	-3.43959e-43
-28.2274	1.54948e-32	9.28437e-17	8.29149e-17	2.2374e-83	-4.69086e-42	6.08183e-43
-27.9599	3.07389e-31	5.50127e-16	6.89149e-17	5.9169e-82	-1.94093e-41	1.46618e-41
-27.6923	1.80901e-31	4.25132e-16	1.27974e-17	1.52058e-80	-4.86814e-41	1.13296e-40
-27.4247	2.28866e-32	1.58263e-17	1.50453e-16	3.79741e-79	6.8986e-41	6.12358e-40
-27.1572	4.76578e-32	-1.22134e-16	1.80945e-16	9.21573e-78	1.78898e-39	2.45261e-39
-26.8896	1.26071e-32	-8.3556e-17	-7.50033e-17	2.17338e-76	1.34455e-38	6.0461e-39
-26.6221	3.8038e-32	-7.89576e-17	-1.78336e-16	4.98088e-75	7.02542e-38	-6.72502e-39
-26.3545	2.68966e-33	5.1477e-17	6.30701e-18	1.10928e-73	2.72331e-37	-1.91739e-37
-26.087	1.8198e-32	1.32869e-16	2.33186e-17	2.4007e-72	6.59023e-37	-1.40228e-36
-25.8194	4.71512e-32	-2.02912e-16	-7.73164e-17	5.04895e-71	-5.58513e-37	-7.08361e-36
-25.5518	2.39542e-31	-4.75677e-16	1.1521e-16	1.03187e-69	-1.80503e-35	-2.65718e-35
-25.2843	8.54506e-32	-1.37654e-16	2.5788e-16	2.04935e-68	-1.28523e-34	-6.30507e-35
-25.0167	4.01596e-32	1.98849e-16	2.48731e-17	3.95522e-67	-6.277e-34	3.89251e-35
-24.7492	2.80206e-33	4.74276e-17	-2.35092e-17	7.41804e-66	-2.27827e-33	1.49248e-33
-24.4816	5.15336e-32	-3.07334e-17	2.2492e-16	1.35198e-64	-5.29527e-33	1.03517e-32
-24.214	5.87158e-32	7.72154e-17	2.29681e-16	2.39451e-63	2.21021e-33	4.88838e-32
-23.9465	6.81336e-32	1.65834e-19	2.61024e-16	4.12123e-62	1.08385e-31	1.71654e-31
-23.6789	3.35004e-31	5.54715e-17	5.76131e-16	6.89288e-61	7.32705e-31	3.90424e-31
-23.4114	3.52393e-31	2.2927e-16	5.47566e-16	1.12031e-59	3.34575e-30	-9.5154e-32
-23.1438	1.01389e-31	9.65095e-17	3.03438e-16	1.76946e-58	1.1365e-29	-6.91251e-30
-22.8763	1.62325e-31	2.69073e-16	2.99874e-16	2.71585e-57	2.52738e-29	-4.55751e-29
-22.6087	6.48253e-31	8.05141e-16	1.10106e-18	4.05075e-56	-2.3512e-30	-2.01251e-28
-22.3411	3.77145e-31	5.61029e-16	-2.49785e-16	5.87124e-55	-3.8716e-28	-6.61234e-28
-22.0736	6.50912e-32	-3.76532e-17	2.52336e-16	8.26965e-54	-2.49117e-27	-1.43657e-27
-21.806	8.52098e-32	-7.61291e-17	2.81805e-16	1.1319e-52	-1.0639e-26	-5.39162e-29
-21.5385	2.13276e-31	-1.52086e-16	-4.36057e-16	1.50555e-51	-3.38077e-26	1.90417e-26
-21.2709	1.6892e-31	-5.19079e-17	-4.07708e-16	1.94601e-50	-7.17017e-26	1.19662e-25
-21.0033	1.85858e-31	4.23348e-16	-8.14523e-17	2.44432e-49	-1.07859e-26	4.94283e-25
-20.7358	4.40417e-32	1.11153e-16	-1.78008e-16	2.98356e-48	8.22341e-25	1.51899e-24
-20.4682	1.69284e-32	-1.3002e-16	-4.81024e-18	3.53897e-47	5.05102e-24	3.14275e-24
-20.2007	2.86522e-31	5.35083e-16	1.44466e-17	4.07927e-46	2.01822e-23	7.78774e-25
-19.9331	3.08116e-32	1.7289e-16	-3.03435e-17	4.56932e-45	5.99752e-23	-3.11816e-23
-19.6656	7.33063e-31	-7.38656e-16	4.32955e-16	4.97376e-44	1.20974e-22	-1.87358e-22
-19.398	9.9068e-32	-3.14671e-16	7.09906e-18	5.26117e-43	4.01041e-23	-7.2423e-22
-19.1304	4.64107e-31	1.41247e-16	-6.6645e-16	5.40808e-42	-1.03803e-21	-2.081e-21
-18.8629	1.74789e-32	-2.59009e-17	1.29646e-16	5.40218e-41	-6.10703e-21	-4.08974e-21
-18.5953	2.65892e-31	-1.76265e-16	4.84585e-16	5.24394e-40	-2.28402e-20	-1.64891e-21
-18.3278	1.75928e-31	-4.14785e-16	-6.22948e-17	4.94665e-39	-6.34541e-20	3.03352e-20
-18.0602	4.59536e-33	-3.89101e-17	5.55101e-17	4.53449e-38	-1.21435e-19	1.74924e-19
-17.7926	2.4945e-32	1.5758e-16	1.06516e-17	4.03933e-37	-5.63751e-20	6.33052e-19
-17.5251	4.07232e-31	-6.28084e-16	-1.12886e-16	3.49667e-36	7.78157e-19	1.70034e-18
-17.2575	1.99765e-31	-4.45937e-16	3.00868e-17	2.94146e-35	4.40277e-18	3.16706e-18
-16.99	1.52987e-31	1.21479e-16	-3.71793e-16	2.40457e-34	1.54203e-17	1.63398e-18
-16.7224	2.16694e-31	-7.98158e-18	-4.65436e-16	1.91018e-33	4.00405e-17	-1.75195e-17
-16.4548	3.1998e-31	4.18149e-16	-3.80962e-16	1.4746e-32	7.25519e-17	-9.73768e-17
-16.1873	2.68868e-31	5.18334e-16	-1.40978e-17	1.10622e-31	4.05817e-17	-3.30113e-16
-15.9197	1.29763e-30	-2.46314e-16	1.11218e-15	8.06433e-31	-3.46141e-16	-8.28625e-16
-15.6522	2.18117e-30	-1.47579e-15	-5.66869e-17	5.71296e-30	-1.89249e-15	-1.45995e-15
-15.3846	1.22159e-29	-8.9076e-16	-3.37971e-15	3.93295e-29	-6.21077e-15	-8.69339e-16
-15.1171	4.49714e-29	6.08686e-15	-2.81453e-15	2.63111e-28	-1.50699e-14	6.00071e-15
-14.8495	2.29835e-28	1.10391e-14	1.0391e-14	1.7105e-27	-2.5807e-14	3.23187e-14
-14.5819	1.29039e-27	-9.62837e-15	3.46075e-14	1.08062e-26	-1.61324e-14	1.02693e-13
-14.3144	6.04556e-27	-7.12744e-14	3.10729e-14	6.63415e-26	9.12639e-14	2.40858e-13
-14.0468	2.38964e-26	-1.4455e-13	-5.47869e-14	3.95787e-25	4.84969e-13	4.0074e-13
-13.7793	7.6932e-26	-1.62711e-13	-2.24626e-13	2.29458e-24	1.49229e-12	2.6011e-13
-13.5117	2.48362e-25	-1.63941e-13	-4.70622e-13	1.29273e-23	3.38305e-12	-1.21748e-12
-13.2441	1.5181e-24	-2.85369e-13	-1.19861e-12	7.07743e-23	5.46669e-12	-6.3945e-12
-12.9766	1.47897e-23	3.0083e-13	-3.83395e-12	3.76537e-22	3.65176e-12	-1.90579e-11
-12.709	1.32628e-22	6.24738e-12	-9.67462e-12	1.94672e-21	-1.42429e-11	-4.17596e-11
-12.4415	9.99214e-22	2.86778e-11	-1.32966e-11	9.78059e-21	-7.40842e-11	-6.55143e-11
-12.1739	6.52719e-21	7.99554e-11	1.15899e-11	4.77518e-20	-2.13898e-10	-4.47127e-11
-11.9064	3.84596e-20	1.48217e-10	1.28418e-10	2.26557e-19	-4.53009e-10	1.46084e-10
-11.6388	2.12062e-19	1.3807e-10	4.39316e-10	1.04455e-18	-6.89775e-10	7.54164e-10
-11.3712	1.13087e-18	-2.4184e-10	1.03556e-09	4.68001e-18	-4.78055e-10	2.10985e-09
-11.1037	5.98182e-18	-1.66989e-09	1.78698e-09	2.03764e-17	1.31325e-09	4.31877e-09
-10.8361	3.17564e-17	-5.38713e-09	1.65384e-09	8.62127e-17	6.74558e-09	6.38042e-09
-10.5686	1.68661e-16	-1.26344e-08	-3.00559e-09	3.5447e-16	1.82897e-08	4.46745e-09
-10.301	8.84851e-16	-2.11154e-08	-2.09521e-08	1.41629e-15	3.61841e-08	-1.0344e-08
-10.0334	4.52009e-15	-1.48744e-08	-6.55655e-08	5.49905e-15	5.18526e-08	-5.30128e-08
-9.76589	2.22297e-14	5.24875e-08	-1.39552e-07	2.07485e-14	3.65183e-08	-1.39338e-07
-9.49833	1.0451e-13	2.64132e-07	-1.86397e-07	7.60767e-14	-7.13597e-08	-2.66429e-07
-9.23077	4.6801e-13	6.84093e-07	-5.13404e-09	2.71069e-13	-3.6605e-07	-3.70238e-07
-8.96321	1.99375e-12	1.15956e-06	8.05703e-07	9.38581e-13	-9.32907e-07	-2.61276e-07
-8.69565	8.0805e-12	9.57012e-07	2.67668e-06	3.15811e-12	-1.72406e-06	4.30954e-07
-8.42809	3.11827e-11	-1.54538e-06	5.36605e-06	1.03264e-11	-2.32267e-06	2.22071e-06
-8.16054	1.14709e-10	-8.43186e-06	6.60402e-06	3.28119e-11	-1.637e-06	5.48928e-06
-7.89298	4.02766e-10	-2.0055e-05	7.496e-07	1.01316e-10	2.27703e-06	9.80467e-06
-7.62542	1.35156e-09	-3.05491e-05	-2.04527e-05	3.04012e-10	1.18366e-05	1.28026e-05
-7.35786	4.33994e-09	-2.28312e-05	-6.17955e-05	8.86476e-10	2.83855e-05	8.98546e-06
-7.0903	1.33505e-08	3.10543e-05	-0.000111293	2.51193e-09	4.90029e-05	-1.05186e-05
-6.82274	3.93849e-08	0.000155063	-0.000123856	6.91689e-09	6.20045e-05	-5.54286e-05
-6.55518	1.11532e-07	0.000333532	-1.69857e-05	1.85088e-08	4.32245e-05	-0.000128998
-6.28763	3.03451e-07	0.000463674	0.000297418	4.81294e-08	-4.24435e-05	-0.000215239
-6.02007	7.93838e-07	0.000331575	0.00082698	1.2162e-07	-0.000228037	-0.000263855
-5.75251	1.99821e-06	-0.000329939	0.00137454	2.98652e-07	-0.000515194	-0.000182284
-5.48495	4.84275e-06	-0.00165345	0.00145219	7.12671e-07	-0.000830868	0.000149429
-5.21739	1.13068e-05	-0.00334273	0.000364562	1.65263e-06	-0.000986579	0.000824193
-4.94983	2.54453e-05	-0.00442476	-0.00242216	3.72416e-06	-0.000674077	0.00180825
-4.68227	5.52215e-05	-0.00331967	-0.0066484	8.15537e-06	0.00045834	0.00281874
-4.41472	0.000115618	0.00151146	-0.0106458	1.73549e-05	0.00261694	0.00324138
-4.14716	0.000233635	0.0103338	-0.0112627	3.58894e-05	0.00557759	0.00218629
-3.8796	0.000455824	0.0207887	-0.00486338	7.2123e-05	0.00840408	-0.00122243
-3.61204	0.000858912	0.0273669	0.0104865	0.000140846	0.0093576	-0.00729942
-3.34448	0.0015636	0.0227178	0.0323651	0.000267289	0.00622055	-0.0151193
-3.07692	0.00275074	0.0011569	0.0524347	0.000492924	-0.00282734	-0.0220211
-2.80936	0.00467771	-0.036617	0.0577659	0.00088337	-0.0178854	-0.0237378
-2.54181	0.00769095	-0.080013	0.0359007	0.0015384	-0.0360174	-0.015529
-2.27425	0.0122289	-0.109183	-0.0175458	0.00260352	-0.050711	0.00564925
-2.00669	0.0188081	-0.101511	-0.0922143	0.0042817	-0.0529131	0.0384954
-1.73913	0.0279856	-0.0427245	-0.161741	0.00684282	-0.0340189	0.0754025
-1.47157	0.0402937	0.0619648	-0.190929	0.0106272	0.00969587	0.102631
-1.20401	0.0561468	0.183059	-0.150453	0.0160386	0.072779	0.103643
-0.936455	0.0757299	0.273146	-0.0334791	0.0235221	0.138724	0.0654054
-0.668896	0.0988846	0.284379	0.134213	0.0335237	0.182546	-0.0141653
-0.401338	0.125017	0.1908	0.297679	0.0464291	0.178389	-0.120857
-0.133779	0.153056	0.00517828	0.39119	0.0624875	0.110376	-0.224287
0.133779	0.181479	-0.219178	0.365294	0.081726	-0.0173401	-0.285351
0.401338	0.208423	-0.404982	0.210744	0.10387	-0.176274	-0.269811
0.668896	0.23188	-0.480439	-0.0325378	0.128288	-0.318672	-0.163511
0.936455	0.249934	-0.409214	-0.28719	0.153973	-0.392015	0.0172373
1.20401	0.261023	-0.207241	-0.466984	0.179584	-0.358603	0.225805
1.47157	0.264159	0.0617177	-0.510245	0.203542	-0.212653	0.397895
1.73913	0.259078	0.31017	-0.403575	0.224184	0.0128736	0.473306
2.00669	0.246272	0.460159	-0.185811	0.239949	0.254032	0.418828
2.27425	0.226913	0.471367	0.0687412	0.249573	0.43659	0.242821
2.54181	0.202675	0.352806	0.279649	0.252255	0.502223	-0.00524463
2.80936	0.1755	0.154728	0.389307	0.247769	0.429862	-0.250974
3.07692	0.147343	-0.053861	0.380055	0.236492	0.243457	-0.420976
3.34448	0.119947	-0.211435	0.274303	0.219357	0.00295424	-0.468346
3.61204	0.0946878	-0.283257	0.120222	0.19772	-0.217734	-0.387701
3.8796	0.0724902	-0.267667	-0.0290627	0.173186	-0.356711	-0.214344
4.14716	0.0538242	-0.189558	-0.133761	0.147414	-0.383843	-0.00885219
4.41472	0.0387637	-0.086192	-0.177016	0.121935	-0.307285	0.165864
4.68227	0.0270803	0.00770616	-0.16438	0.0980129	-0.165721	0.265612
4.94983	0.0183525	0.0700716	-0.115942	0.07656	-0.0110118	0.276476
5.21739	0.0120666	0.0945781	-0.0558711	0.0581144	0.110937	0.214026
5.48495	0.00769758	0.087654	-0.00378803	0.0428677	0.173799	0.112524
5.75251	0.00476469	0.0623336	0.0296516	0.0307284	0.175015	0.00990911
6.02007	0.00286193	0.0320671	0.042821	0.021405	0.131002	-0.0651425
6.28763	0.00166824	0.006586	0.0403097	0.0144895	0.0671028	-0.0999334
6.55518	0.000943773	-0.0095376	0.0292029	0.00953135	0.00715059	-0.0973664
6.82274	0.00051822	-0.0161727	0.0160207	0.00609285	-0.0335795	-0.0704647
7.0903	0.000276205	-0.0158302	0.00506061	0.00378487	-0.0504936	-0.0351463
7.35786	0.000142906	-0.0118042	-0.00188883	0.00228478	-0.0476057	-0.00429893
7.62542	7.17804e-05	-0.00687781	-0.00494733	0.0013403	-0.0333085	0.0151937
7.89298	3.50046e-05	-0.00276086	-0.0052328	0.000764054	-0.016169	0.0224191
8.16054	1.65745e-05	-0.000109588	-0.00406971	0.000423263	-0.00219324	0.0204561
8.42809	7.62056e-06	0.00114698	-0.00251097	0.000227856	0.00603366	0.0138366
8.69565	3.40246e-06	0.00142255	-0.00117423	0.000119199	0.00874688	0.00653386
8.96321	1.47534e-06	0.00117954	-0.000289852	6.0597e-05	0.00772506	0.000959388
9.23077	6.21317e-07	0.000771731	0.00016046	2.99359e-05	0.0050512	-0.00210268
9.49833	2.54151e-07	0.000401995	0.000304222	1.43714e-05	0.00231928	-0.00299872
9.76589	1.00985e-07	0.000147666	0.000281389	6.70453e-06	0.000362113	-0.00256387
10.0334	3.89803e-08	9.21517e-06	0.000197219	3.0395e-06	-0.000642953	-0.00162053
10.301	1.46179e-08	-4.56059e-05	0.000111973	1.33906e-06	-0.000903362	-0.000723184
10.5686	5.3261e-09	-5.32169e-05	4.99406e-05	5.73272e-07	-0.000747828	-0.000118429
10.8361	1.88561e-09	-4.11313e-05	1.39219e-05	2.38499e-07	-0.000456893	0.000172475
11.1037	6.48701e-10	-2.53478e-05	-2.48761e-06	9.6422e-08	-0.000198093	0.000239125
11.3712	2.1688e-10	-1.27879e-05	-7.30409e-06	3.78817e-08	-3.36588e-05	0.0001917
11.6388	7.04713e-11	-4.9713e-06	-6.76443e-06	1.44626e-08	4.05819e-05	0.000113207
11.9064	2.22563e-11	-1.02382e-06	-4.60523e-06	5.36572e-09	5.56188e-05	4.76683e-05
12.1739	6.83247e-12	5.01925e-07	-2.56526e-06	1.93452e-09	4.3187e-05	8.33079e-06
12.4415	2.039e-12	8.08839e-07	-1.17677e-06	6.77771e-10	2.46507e-05	-8.37346e-06
12.709	5.91572e-13	6.50561e-07	-4.10297e-07	2.30758e-10	1.00772e-05	-1.1367e-05
12.9766	1.66871e-13	4.03298e-07	-6.49724e-08	7.63472e-11	1.79846e-06	-8.5506e-06
13.2441	4.5769e-14	2.07793e-07	5.09007e-08	2.45468e-11	-1.51473e-06	-4.71724e-06
13.5117	1.22071e-14	8.88037e-08	6.57343e-08	7.66937e-12	-2.04121e-06	-1.87159e-06
13.7793	3.16621e-15	2.89086e-08	4.82752e-08	2.32857e-12	-1.48782e-06	-3.39054e-07
14.0468	7.98704e-16	4.1808e-09	2.79504e-08	6.8704e-13	-7.93324e-07	2.40159e-07
14.3144	1.95969e-16	-3.3231e-09	1.35987e-08	1.96988e-13	-3.05388e-07	3.22065e-07
14.5819	4.6771e-17	-4.00091e-09	5.5465e-09	5.48858e-14	-5.58726e-08	2.27517e-07
14.8495	1.0859e-17	-2.78571e-09	1.76035e-09	1.48609e-14	3.33617e-08	1.17251e-07
15.1171	2.4528e-18	-1.53967e-09	2.86721e-10	3.91015e-15	4.46484e-08	4.37798e-08
15.3846	5.39046e-19	-7.20642e-10	-1.40434e-10	9.99785e-16	3.05764e-08	8.05416e-09
15.6522	1.15271e-19	-2.86536e-10	-1.82122e-10	2.48418e-16	1.52297e-08	-4.05885e-09
15.9197	2.39871e-20	-9.17118e-11	-1.24804e-10	5.99825e-17	5.51423e-09	-5.43836e-09
16.1873	4.85771e-21	-1.82991e-11	-6.72522e-11	1.40744e-17	1.01624e-09	-3.61132e-09
16.4548	9.57451e-22	3.07576e-12	-3.07895e-11	3.20921e-18	-4.32271e-10	-1.73849e-09
16.7224	1.83686e-22	6.04161e-12	-1.2132e-11	7.111e-19	-5.81996e-10	-6.1023e-10
16.99	3.43077e-23	4.28942e-12	-3.98856e-12	1.53118e-19	-3.74845e-10	-1.12292e-10
17.2575	6.23336e-24	2.30717e-12	-9.541e-13	3.20397e-20	-1.74406e-10	4.02762e-11
17.5251	1.10364e-24	1.04979e-12	-3.9816e-14	6.51498e-21	-5.93346e-11	5.4721e-11
17.7926	1.90184e-25	4.14969e-13	1.34108e-13	1.28736e-21	-1.08706e-11	3.41935e-11
18.0602	3.18557e-26	1.40642e-13	1.0989e-13	2.47203e-22	3.2807e-12	1.53766e-11
18.3278	5.2569e-27	3.87292e-14	6.1294e-14	4.61286e-23	4.52023e-12	5.06914e-12
18.5953	8.34159e-28	6.5711e-15	2.81244e-14	8.36472e-24	2.74118e-12	9.22296e-13
18.8629	1.30341e-28	-1.57252e-15	1.13079e-14	1.47399e-24	1.19143e-12	-2.33407e-13
19.1304	2.03686e-29	-1.9921e-15	4.04971e-15	2.52409e-25	3.80521e-13	-3.28043e-13
19.398	2.58138e-30	-1.07337e-15	1.19552e-15	4.20026e-26	6.85999e-14	-1.93123e-13
19.6656	1.10782e-30	-1.04173e-15	1.5041e-16	6.79224e-27	-1.44874e-14	-8.11317e-14
19.9331	4.66682e-31	-6.75709e-16	-1.00499e-16	1.06737e-27	-2.09147e-14	-2.50986e-14
20.2007	1.26105e-32	9.94555e-17	5.21451e-17	1.62996e-28	-1.19573e-14	-4.47431e-15
20.4682	1.0578e-31	-1.68816e-16	2.77995e-16	2.41883e-29	-4.85538e-15	7.8333e-16
20.7358	4.83382e-31	-6.59455e-16	2.2023e-16	3.48817e-30	-1.45463e-15	1.17142e-15
21.0033	1.194e-31	-2.67427e-16	-2.18821e-16	4.88826e-31	-2.55961e-16	6.50623e-16
21.2709	1.95072e-31	6.69027e-17	-4.36573e-16	6.65694e-32	3.68219e-17	2.55369e-16
21.5385	2.68779e-32	9.30409e-18	-1.6368e-16	8.80965e-33	5.76373e-17	7.40782e-17
21.806	1.41991e-32	1.12245e-16	4.00002e-17	1.13294e-33	3.11116e-17	1.28454e-17
22.0736	2.25215e-32	7.27193e-17	1.31276e-16	1.41586e-34	1.1804e-17	-1.50066e-18
22.3411	1.29589e-31	-1.76597e-16	3.13692e-16	1.71947e-35	3.31491e-18	-2.4912e-18
22.6087	5.23166e-32	-1.42882e-16	1.7861e-16	2.02925e-36	5.65619e-19	-1.30741e-18
22.8763	4.87318e-32	-4.52898e-17	-2.16057e-16	2.32723e-37	-5.28164e-20	-4.79513e-19
23.1438	9.00894e-32	-1.50258e-16	-2.5983e-16	2.59362e-38	-9.45831e-20	-1.30347e-19
23.4114	1.36811e-32	-1.12674e-16	-3.13958e-17	2.80892e-39	-4.8283e-20	-2.18557e-20
23.6789	1.36319e-32	7.43676e-17	9.00073e-17	2.9562e-40	-1.71194e-20	1.5959e-21
23.9465	2.32883e-32	8.11963e-17	1.29211e-16	3.02339e-41	-4.50381e-21	3.1543e-21
24.214	1.34751e-33	-2.27586e-17	2.8802e-17	3.00482e-42	-7.41182e-22	1.56699e-21
24.4816	5.30496e-32	-7.49938e-17	-2.17774e-16	2.90206e-43	4.10115e-23	5.37144e-22
24.7492	5.88641e-32	-1.70952e-16	-1.72162e-16	2.72369e-44	9.23973e-23	1.36747e-22
25.0167	1.37229e-31	-3.119e-16	1.9987e-16	2.48412e-45	4.46919e-23	2.20626e-23
25.2843	1.53682e-31	-3.00792e-16	2.51408e-16	2.20167e-46	1.48118e-23	-8.81646e-25
25.5518	1.61518e-32	-5.53551e-17	-1.14401e-16	1.89625e-47	3.64849e-24	-2.3772e-24
25.8194	1.13192e-31	2.43854e-16	-2.31791e-16	1.5871e-48	5.76506e-25	-1.12015e-24
26.087	9.47515e-32	3.03525e-16	5.12284e-17	1.29085e-49	-1.53378e-26	-3.58956e-25
26.3545	3.21107e-32	4.87396e-17	1.72439e-16	1.02026e-50	-5.37155e-26	-8.5541e-26
26.6221	4.91743e-32	-2.19215e-16	-3.34558e-17	7.8363e-52	-2.46723e-26	-1.32253e-26
26.8896	5.94334e-32	-2.12543e-16	-1.19411e-16	5.8489e-53	-7.64524e-27	1.98459e-28
27.1572	1.52877e-32	-8.88727e-17	8.59612e-17	4.2423e-54	-1.76239e-27	1.06596e-27
27.4247	6.79136e-32	-1.56474e-16	2.08397e-16	2.99015e-55	-2.6638e-28	4.77553e-28
27.6923	1.06578e-31	-3.26433e-16	-4.38478e-18	2.04809e-56	1.31696e-30	1.43105e-28
27.9599	1.72542e-31	-2.85397e-16	-3.01812e-16	1.36323e-57	1.85765e-29	3.19083e-29
28.2274	1.07439e-31	-6.39215e-17	-3.21486e-16	8.81761e-59	8.12293e-30	4.71107e-30
28.495	2.41195e-33	1.67399e-17	-4.61706e-17	5.54241e-60	2.35416e-30	1.77688e-32
28.7625	6.50618e-32	-1.00454e-16	2.34458e-16	3.3854e-61	5.07666e-31	-2.84279e-31
29.0301	8.17935e-32	-1.13041e-16	2.62708e-16	2.00948e-62	7.31631e-32	-1.21417e-31
29.2977	2.29607e-32	1.47903e-16	3.29462e-17	1.15911e-63	8.27155e-34	-3.40356e-32
29.5652	2.64309e-31	4.45764e-16	-2.5613e-16	6.49721e-65	-3.81991e-33	-7.09792e-33
29.8328	3.81934e-31	4.71374e-16	-3.99675e-16	3.53911e-66	-1.59484e-33	-9.97802e-34
30.1003	1.78767e-31	2.47421e-16	-3.42856e-16	1.87338e-67	-4.32461e-34	-1.77616e-35
30.3679	3.69598e-32	5.87538e-17	-1.83051e-16	9.63652e-69	-8.72096e-35	4.50666e-35
30.6355	8.68373e-33	7.649e-17	-5.3226e-17	4.81703e-70	-1.19509e-35	1.84086e-35
30.903	3.51501e-32	1.87226e-16	-9.81844e-18	2.33993e-71	-2.7943e-37	4.8292e-36
31.1706	3.29507e-32	1.81062e-16	-1.29342e-17	1.10456e-72	4.66785e-37	9.41632e-37
31.4381	1.73592e-34	8.50075e-18	1.00662e-17	5.06687e-74	1.86721e-37	1.25714e-37
31.7057	4.21903e-32	-1.85626e-16	8.79391e-17	2.25868e-75	4.73936e-38	3.53967e-39
31.9732	8.74738e-32	-2.35036e-16	1.79532e-16	9.78439e-77	8.93479e-39	-4.24423e-39
32.2408	5.79677e-32	-1.13685e-16	2.12234e-16	4.11885e-78	1.16149e-39	-1.66427e-39
32.5084	2.55339e-32	6.22913e-17	1.47152e-16	1.68493e-79	3.74241e-41	-4.0877e-40
32.7759	2.42799e-32	1.55081e-16	1.51614e-17	6.69813e-81	-3.38732e-41	-7.45033e-41
33.0435	2.422e-32	1.15279e-16	-1.0455e-16	2.58755e-82	-1.3035e-41	-9.42567e-42
33.311	2.04478e-32	-4.0731e-18	-1.42938e-16	9.71375e-84	-3.09851e-42	-3.36099e-43
33.5786	2.04712e-32	-1.12792e-16	-8.80292e-17	3.54364e-85	-5.45956e-43	2.37268e-43
33.8462	2.4449e-32	-1.55783e-16	1.34354e-17	1.25625e-86	-6.7188e-44	8.97122e-44
34.1137	2.79214e-32	-1.38185e-16	9.39485e-17	4.3278e-88	-2.5895e-45	2.06416e-44
34.3813	2.22512e-32	-1.0157e-16	1.09246e-16	1.44884e-89	1.45845e-45	3.51587e-45
34.6488	1.04876e-32	-8.42301e-17	5.82483e-17	4.71346e-91	5.4255e-46	4.20697e-46
34.9164	1.02339e-32	-9.7457e-17	-2.71293e-17	1.49012e-92	1.2085e-46	1.72213e-47
35.1839	2.77147e-32	-1.27309e-16	-1.07271e-16	4.57792e-94	1.98977e-47	-7.86598e-48
35.4515	4.72122e-32	-1.51312e-16	-1.55938e-16	1.36672e-95	2.31398e-48	-2.88317e-48
35.7191	5.17955e-32	-1.54329e-16	-1.67267e-16	3.96509e-97	9.92636e-50	-6.21817e-49
35.9866	4.07848e-32	-1.34644e-16	-1.50518e-16	1.11787e-98	-3.72177e-50	-9.89624e-50
36.2542	2.46054e-32	-1.00701e-16	-1.20269e-16	3.06263e-100	-1.34629e-50	-1.11809e-50
36.5217	1.19599e-32	-6.39925e-17	-8.86841e-17	8.1538e-102	-2.81185e-51	-4.97302e-52
36.7893	5.00497e-33	-3.33062e-17	-6.24153e-17	2.10955e-103	-4.3255e-52	1.54454e-52
37.0569	2.02338e-33	-1.24879e-17	-4.32138e-17	5.30377e-105	-4.74609e-53	5.5238e-53
37.3244	9.0533e-34	-1.16099e-18	-3.00663e-17	1.29581e-106	-2.16997e-54	1.11746e-53
37.592	4.57943e-34	3.27817e-18	-2.1147e-17	3.07656e-108	5.62092e-55	1.66151e-54
37.8595	2.3663e-34	3.8144e-18	-1.49023e-17	7.09824e-110	1.99142e-55	1.76988e-55
38.1271	1.14799e-34	2.75873e-18	-1.03532e-17	1.59148e-111	3.90289e-56	8.25957e-57
38.3946	5.08959e-35	1.46457e-18	-6.98219e-18	3.46749e-113	5.60881e-57	-1.79335e-57
38.6622	2.06871e-35	5.00827e-19	-4.52064e-18	7.34164e-115	5.79847e-58	-6.30826e-58
38.9298	7.79121e-36	-3.30629e-20	-2.79108e-18	1.51055e-116	2.74567e-59	-1.19798e-58
39.1973	2.73265e-36	-2.38113e-19	-1.63584e-18	3.02023e-118	-5.01472e-60	-1.66396e-59
39.4649	8.80632e-37	-2.53064e-19	-9.03654e-19	5.86828e-120	-1.75577e-60	-1.66899e-60
39.7324	2.44226e-37	-1.84445e-19	-4.58482e-19	1.10801e-121	-3.23165e-61	-7.97863e-62
40	4.37301e-38	-9.2376e-20	-1.87608e-19	2.03302e-123	-4.3383e-62	1.22857e-62
