-40	1.35002e-91	7.26771e-47	3.60167e-46	1.11385e-163	-3.07472e-82	-1.29791e-82
-39.7324	1.79083e-90	8.24092e-46	1.05437e-45	1.12231e-161	-2.06721e-81	-2.63622e-81
-39.4649	2.15158e-89	4.31353e-45	1.70565e-45	1.09891e-159	-5.23703e-81	-3.27335e-80
-39.1973	2.57085e-88	1.58196e-44	-2.61267e-45	1.04562e-157	1.10185e-79	-3.04009e-79
-38.9298	3.03991e-87	4.18395e-44	-3.59077e-44	9.66838e-156	2.34438e-78	-2.04262e-78
-38.6622	3.54959e-86	5.72909e-44	-1.79482e-43	8.68752e-154	2.88249e-77	-6.15467e-78
-38.3946	4.0851e-85	-1.59415e-43	-6.18948e-43	7.58581e-152	2.63446e-76	8.034e-77
-38.1271	4.6224e-84	-1.576e-42	-1.46241e-42	6.43683e-150	1.76331e-75	1.82416e-75
-37.8595	5.12828e-83	-7.06162e-42	-1.19008e-42	5.3077e-148	5.96894e-75	2.22518e-74
-37.592	5.56271e-82	-2.14881e-41	9.7228e-42	4.25309e-146	-4.98792e-74	2.00107e-73
-37.3244	5.88354e-81	-3.96412e-41	6.56667e-41	3.31181e-144	-1.24133e-72	1.33076e-72
-37.0569	6.05279e-80	1.73137e-41	2.45414e-40	2.50606e-142	-1.50575e-71	4.88637e-72
-36.7893	6.04347e-79	4.97516e-40	5.97348e-40	1.84282e-140	-1.33241e-70	-2.59801e-71
-36.5217	5.84512e-78	2.3471e-39	5.7986e-40	1.31685e-138	-8.78478e-70	-7.38326e-70
-36.2542	5.46692e-77	6.80572e-39	-2.88986e-39	9.14436e-137	-3.41789e-69	-8.93094e-69
-35.9866	4.93712e-76	1.09703e-38	-1.93226e-38	6.17071e-135	1.10281e-68	-7.77759e-68
-35.7191	4.29913e-75	-9.48143e-39	-6.48786e-38	4.04651e-133	3.8356e-67	-5.07477e-67
-35.4515	3.60481e-74	-1.38121e-37	-1.30271e-37	2.57864e-131	4.64243e-66	-2.05773e-66
-35.1839	2.9067e-73	-5.37449e-37	-4.26451e-38	1.59685e-129	3.9802e-65	3.55733e-66
-34.9164	2.25076e-72	-1.2343e-36	8.52794e-37	9.60953e-128	2.56633e-64	1.73882e-64
-34.6488	1.67118e-71	-1.1154e-36	3.9329e-36	5.61958e-126	1.07135e-63	2.11466e-63
-34.3813	1.18786e-70	4.43095e-36	9.95756e-36	3.19352e-124	-6.68619e-64	1.78579e-62
-34.1137	8.06771e-70	2.55386e-35	1.24319e-35	1.7636e-122	-6.8708e-62	1.13645e-61
-33.8462	5.22477e-69	7.00587e-35	-1.77917e-35	9.46439e-121	-8.43943e-61	4.83941e-61
-33.5786	3.21893e-68	1.04206e-34	-1.4605e-34	4.93571e-119	-7.02475e-60	1.00402e-61
-33.311	1.88208e-67	-3.48934e-35	-4.32423e-34	2.50133e-117	-4.40796e-59	-2.36288e-59
-33.0435	1.04216e-66	-7.14017e-34	-7.29615e-34	1.23185e-115	-1.90097e-58	-2.95039e-58
-32.7759	5.46146e-66	-2.32174e-33	-2.66409e-34	5.8953e-114	-1.6015e-58	-2.42274e-57
-32.5084	2.71806e-65	-4.45301e-33	2.71134e-33	2.7417e-112	7.05803e-57	-1.49784e-56
-32.2408	1.30225e-64	-4.39323e-33	1.05321e-32	1.23907e-110	9.0331e-56	-6.50465e-56
-31.9732	6.21638e-64	4.68551e-33	2.44885e-32	5.44174e-109	7.32576e-55	-8.6641e-56
-31.7057	3.14828e-63	3.73169e-32	4.19014e-32	2.32243e-107	4.45978e-54	1.82612e-54
-31.4381	1.80867e-62	1.27489e-31	4.28176e-32	9.63191e-106	1.94132e-53	2.4214e-53
-31.1706	1.1903e-61	3.36395e-31	-7.66067e-32	3.88191e-104	3.3224e-53	1.94204e-52
-30.903	8.46848e-61	6.1828e-31	-6.816e-31	1.52035e-102	-4.07619e-52	1.1637e-51
-30.6355	6.09419e-60	1.49088e-31	-2.46414e-30	5.78634e-101	-5.68099e-51	5.05863e-51
-30.3679	4.26491e-59	-4.06145e-30	-5.11407e-30	2.14008e-99	-4.51343e-50	1.01475e-50
-30.1003	2.85772e-58	-1.67731e-29	-2.10633e-30	7.69162e-98	-2.66134e-49	-7.80309e-50
-29.8328	1.82768e-57	-3.31529e-29	2.69919e-29	2.6864e-96	-1.15179e-48	-1.16609e-48
-29.5652	1.11819e-56	-5.55419e-30	1.05599e-28	9.11776e-95	-2.57332e-48	-9.19541e-48
-29.2977	6.57155e-56	1.84612e-28	1.77859e-28	3.00725e-93	1.26883e-47	-5.33503e-47
-29.0301	3.72631e-55	6.06913e-28	-6.54854e-29	9.6386e-92	2.09306e-46	-2.29296e-46
-28.7625	2.04676e-54	7.77757e-28	-1.20077e-27	3.00208e-90	1.64218e-45	-5.52566e-46
-28.495	1.09227e-53	-1.05541e-27	-3.13191e-27	9.08648e-89	9.37525e-45	1.72323e-45
-28.2274	5.6736e-53	-7.1075e-27	-2.4939e-27	2.67259e-87	3.99324e-44	3.28328e-44
-27.9599	2.87012e-52	-1.41996e-26	9.2403e-27	7.63894e-86	1.01567e-43	2.57048e-43
-27.6923	1.41326e-51	-2.83653e-27	3.74862e-26	2.12177e-84	-1.88919e-43	1.44433e-42
-27.4247	6.76429e-51	6.15324e-26	5.45715e-26	5.72699e-83	-4.49765e-42	6.08614e-42
-27.1572	3.14093e-50	1.73813e-25	-3.46186e-26	1.50217e-81	-3.52616e-41	1.6087e-41
-26.8896	1.41179e-49	1.6393e-25	-3.38092e-25	3.82892e-80	-1.95076e-40	-1.53149e-41
-26.6221	6.1288e-49	-3.55606e-25	-6.97442e-25	9.48411e-79	-8.12079e-40	-5.37529e-40
-26.3545	2.56403e-48	-1.57648e-24	-2.80615e-25	2.28287e-77	-2.2052e-39	-4.23861e-39
-26.087	1.03162e-47	-2.35634e-24	2.18263e-24	5.33986e-76	6.15336e-40	-2.30999e-38
-25.8194	3.98411e-47	6.29674e-25	6.28049e-24	1.21379e-74	5.59798e-38	-9.48901e-38
-25.5518	1.47426e-46	1.03706e-23	6.31473e-24	2.68113e-73	4.4638e-37	-2.62408e-37
-25.2843	5.21784e-46	2.12354e-23	-8.41663e-24	5.75518e-72	2.39824e-36	-6.0169e-38
-25.0167	1.76333e-45	1.11558e-23	-4.0483e-23	1.2005e-70	9.71211e-36	5.072e-36
-24.7492	5.67986e-45	-4.59463e-23	-5.97394e-23	2.4335e-69	2.71645e-35	4.11775e-35
-24.4816	1.74063e-44	-1.31928e-22	1.16011e-24	4.79363e-68	1.67981e-35	2.18298e-34
-24.214	5.06508e-44	-1.34292e-22	1.806e-22	9.17615e-67	-3.98948e-34	8.70893e-34
-23.9465	1.39651e-43	1.03522e-22	3.59074e-22	1.70695e-65	-3.32648e-33	2.45031e-33
-23.6789	3.63953e-43	5.6152e-22	2.20563e-22	3.08564e-64	-1.74211e-32	2.25127e-33
-23.4114	8.94226e-43	8.13597e-22	-4.81959e-22	5.42042e-63	-6.84302e-32	-2.71612e-32
-23.1438	2.0655e-42	1.96771e-22	-1.42365e-21	9.25306e-62	-1.92826e-31	-2.35263e-31
-22.8763	4.47371e-42	-1.43435e-21	-1.55447e-21	1.53498e-60	-2.22086e-31	-1.21887e-30
-22.6087	9.08045e-42	-3.01184e-21	9.6326e-23	2.47447e-59	1.5937e-30	-4.71219e-30
-22.3411	1.73864e-41	-2.75132e-21	3.13316e-21	3.87637e-58	1.45618e-29	-1.32511e-29
-22.0736	3.23098e-41	2.14547e-22	5.68012e-21	5.90111e-57	7.47616e-29	-1.76583e-29
-21.806	6.30105e-41	5.22656e-21	5.97442e-21	8.72982e-56	2.84408e-28	8.00659e-29
-21.5385	1.46489e-40	1.17926e-20	2.72459e-21	1.25499e-54	7.958e-28	7.88477e-28
-21.2709	4.29628e-40	1.8901e-20	-8.50767e-21	1.75324e-53	1.17187e-27	4.01984e-27
-21.0033	1.44437e-39	1.50145e-20	-3.49132e-20	2.38016e-52	-3.40744e-27	1.50468e-26
-20.7358	4.94132e-39	-2.94362e-20	-6.38344e-20	3.14003e-51	-3.73294e-26	4.17916e-26
-20.4682	1.62003e-38	-1.24082e-19	-2.83556e-20	4.02555e-50	-1.8946e-25	6.60345e-26
-20.2007	4.99409e-38	-1.64055e-19	1.51746e-19	5.01511e-49	-6.97848e-25	-1.20498e-25
-19.9331	1.44377e-37	7.22307e-20	3.73041e-19	6.07156e-48	-1.92009e-24	-1.54429e-24
-19.6656	3.92505e-37	5.93189e-19	2.01573e-19	7.14306e-47	-3.19046e-24	-7.82634e-24
-19.398	1.00776e-36	7.31081e-19	-6.87951e-19	8.16642e-46	3.40031e-24	-2.83739e-23
-19.1304	2.45446e-36	-4.5228e-19	-1.49997e-18	9.07285e-45	5.57801e-23	-7.72103e-23
-18.8629	5.69381e-36	-2.36031e-18	-3.50335e-19	9.79533e-44	2.83324e-22	-1.3297e-22
-18.5953	1.2622e-35	-1.91632e-18	2.99161e-18	1.02768e-42	1.01143e-21	6.84316e-23
-18.3278	2.67905e-35	2.8888e-18	4.29481e-18	1.04776e-41	2.7183e-21	1.7574e-21
-18.0602	5.44022e-35	7.24082e-18	-1.40452e-18	1.03808e-40	4.7997e-21	8.98725e-21
-17.7926	1.05041e-34	2.08932e-18	-1.00338e-17	9.9945e-40	-5.0074e-22	3.16101e-20
-17.5251	1.90196e-34	-1.13793e-17	-7.79149e-18	9.35097e-39	-4.8233e-20	8.38126e-20
-17.2575	3.1734e-34	-1.48566e-17	9.82969e-18	8.5019e-38	-2.49755e-19	1.50471e-19
-16.99	4.90779e-34	5.10439e-18	2.15575e-17	7.51172e-37	-8.66144e-19	3.10866e-20
-16.7224	7.84069e-34	2.79549e-17	1.60996e-18	6.44951e-36	-2.26366e-18	-1.15124e-18
-16.4548	1.62427e-33	1.40829e-17	-3.77616e-17	5.38119e-35	-4.10533e-18	-6.07932e-18
-16.1873	4.34866e-33	-4.2512e-17	-5.04122e-17	4.36308e-34	-1.82725e-18	-2.08079e-17
-15.9197	1.23279e-32	-1.09811e-16	-1.64109e-17	3.43774e-33	2.3842e-17	-5.35658e-17
-15.6522	4.16116e-32	-1.98451e-16	4.7211e-17	2.63218e-32	1.29581e-16	-9.76248e-17
-15.3846	2.2019e-31	-4.18471e-16	2.12301e-16	1.9585e-31	4.38262e-16	-6.14505e-17
-15.1171	1.49082e-30	-8.75668e-16	8.50895e-16	1.4161e-30	1.11073e-15	4.27053e-16
-14.8495	1.00493e-29	-1.34237e-15	2.87182e-15	9.95014e-30	2.02579e-15	2.41792e-15
-14.5819	6.4407e-29	-4.48218e-16	8.01287e-15	6.79404e-29	1.56495e-15	8.09267e-15
-14.3144	3.97186e-28	6.44033e-15	1.88602e-14	4.50808e-28	-6.58494e-15	2.01853e-14
-14.0468	2.3803e-27	3.19988e-14	3.6829e-14	2.90682e-27	-3.94821e-14	3.67149e-14
-13.7793	1.39098e-26	1.05291e-13	5.31372e-14	1.82142e-26	-1.31003e-13	3.24389e-14
-13.5117	7.93183e-26	2.80801e-13	2.16648e-14	1.10908e-25	-3.21524e-13	-8.67811e-14
-13.2441	4.41334e-25	6.31457e-13	-2.06389e-13	6.56271e-25	-5.81592e-13	-5.63934e-13
-12.9766	2.39556e-24	1.17235e-12	-1.01052e-12	3.77369e-24	-5.63771e-13	-1.85899e-12
-12.709	1.2683e-23	1.58528e-12	-3.18902e-12	2.10869e-23	9.65829e-13	-4.48933e-12
-12.4415	6.54904e-23	4.91031e-13	-8.0777e-12	1.14505e-22	7.04194e-12	-8.05704e-12
-12.1739	3.298e-22	-6.09791e-12	-1.7106e-11	6.04225e-22	2.31228e-11	-8.34019e-12
-11.9064	1.61959e-21	-2.73762e-11	-2.94981e-11	3.0984e-21	5.49506e-11	8.87881e-12
-11.6388	7.7555e-21	-8.06078e-11	-3.54668e-11	1.54397e-20	9.76604e-11	7.68256e-11
-11.3712	3.62099e-20	-1.90288e-10	-7.25612e-13	7.47664e-20	1.05947e-10	2.52075e-10
-11.1037	1.64826e-19	-3.72443e-10	1.61592e-10	3.51833e-19	-6.42184e-11	5.89669e-10
-10.8361	7.31428e-19	-5.80322e-10	6.28215e-10	1.60891e-18	-7.31663e-10	1.03614e-09
-10.5686	3.16395e-18	-5.72494e-10	1.6841e-09	7.14974e-18	-2.40817e-09	1.16208e-09
-10.301	1.33403e-17	3.38688e-10	3.6367e-09	3.08754e-17	-5.54762e-09	-3.15239e-10
-10.0334	5.48206e-17	3.65217e-09	6.44067e-09	1.29568e-16	-9.62521e-09	-6.07649e-09
-9.76589	2.19548e-16	1.19764e-08	8.72435e-09	5.28384e-16	-1.10468e-08	-2.01582e-08
-9.49833	8.56819e-16	2.86775e-08	5.86684e-09	2.09394e-15	2.3099e-10	-4.5759e-08
-9.23077	3.25826e-15	5.55993e-08	-1.29219e-08	8.06385e-15	4.39481e-08	-7.83097e-08
-8.96321	1.20721e-14	8.67405e-08	-6.74404e-08	3.01776e-14	1.47822e-07	-9.12477e-08
-8.69565	4.3576e-14	9.54839e-08	-1.85631e-07	1.09747e-13	3.3092e-07	-1.54544e-08
-8.42809	1.53229e-13	1.48388e-08	-3.91164e-07	3.87848e-13	5.58123e-07	2.76308e-07
-8.16054	5.24844e-13	-2.83148e-07	-6.66836e-07	1.33197e-12	6.56171e-07	9.49428e-07
-7.89298	1.75096e-12	-9.88232e-07	-8.79975e-07	4.44523e-12	2.07092e-07	2.09818e-06
-7.62542	5.6891e-12	-2.28995e-06	-6.67239e-07	1.44164e-11	-1.50643e-06	3.48526e-06
-7.35786	1.8001e-11	-4.18673e-06	6.87225e-07	4.54341e-11	-5.33954e-06	4.11382e-06
-7.0903	5.54621e-11	-6.09938e-06	4.27314e-06	1.39147e-10	-1.16634e-05	1.76392e-06
-6.82274	1.66383e-10	-6.28648e-06	1.12634e-05	4.1412e-10	-1.90721e-05	-7.09753e-06
-6.55518	4.85956e-10	-1.24046e-06	2.20095e-05	1.19769e-09	-2.25105e-05	-2.62863e-05
-6.28763	1.38173e-09	1.44273e-05	3.42576e-05	3.3661e-09	-1.16295e-05	-5.68406e-05
-6.02007	3.82429e-09	4.66878e-05	4.05529e-05	9.19333e-09	2.87513e-05	-9.14696e-05
-5.75251	1.03025e-08	9.81905e-05	2.57121e-05	2.43996e-08	0.000113234	-0.000107599
-5.48495	2.70123e-08	0.000160912	-3.34614e-05	6.29298e-08	0.000242839	-6.29205e-05
-5.21739	6.89243e-08	0.000206076	-0.000162656	1.57723e-07	0.000384517	9.93442e-05
-4.94983	1.71134e-07	0.000175253	-0.000374728	3.84146e-07	0.000449594	0.000426627
-4.68227	4.13446e-07	-1.90669e-05	-0.000642715	9.09205e-07	0.000286558	0.000909445
-4.41472	9.71808e-07	-0.000471501	-0.000865734	2.09118e-06	-0.000288877	0.00141694
-4.14716	2.22221e-06	-0.00122938	-0.000843115	4.67397e-06	-0.00140508	0.00164308
-3.8796	4.94309e-06	-0.00220503	-0.000284495	1.01518e-05	-0.00298534	0.00111334
-3.61204	1.0695e-05	-0.00307613	0.00111017	2.14272e-05	-0.00457738	-0.000689003
-3.34448	2.25061e-05	-0.00322671	0.0034777	4.39492e-05	-0.00525437	-0.00404238
-3.07692	4.60592e-05	-0.00180852	0.00654129	8.75992e-05	-0.00371938	-0.00858868
-2.80936	9.16631e-05	0.00199803	0.00936328	0.000169673	0.00127043	-0.0129638
-2.54181	0.000177378	0.00849728	0.0102554	0.000319368	0.0101503	-0.0147085
-2.27425	0.000333731	0.0168578	0.0070388	0.000584161	0.0216529	-0.0107384
-2.00669	0.000610448	0.0246085	-0.00220691	0.00103834	0.0321892	0.00148082
-1.73913	0.00108548	0.0276304	-0.0179455	0.00179353	0.0360527	0.0222199
-1.47157	0.00187621	0.0210191	-0.0378736	0.00301052	0.0268861	0.0478294
-1.20401	0.00315206	0.000955125	-0.0561351	0.00491064	0.000402512	0.0700748
-0.936455	0.00514666	-0.0327529	-0.0638272	0.00778395	-0.0423458	0.0774001
-0.668896	0.00816661	-0.0743743	-0.051333	0.0119902	-0.0925513	0.0585186
-0.401338	0.0125925	-0.111536	-0.0123354	0.0179479	-0.133749	0.00769357
-0.133779	0.0188668	-0.127292	0.0516088	0.0261076	-0.14557	-0.0701212
0.133779	0.0274646	-0.105357	0.127924	0.036905	-0.110921	-0.156848
0.401338	0.0388423	-0.0374195	0.1935	0.0506951	-0.0245324	-0.223815
0.668896	0.0533656	0.0700646	0.220128	0.0676723	0.100628	-0.239888
0.936455	0.0712216	0.193022	0.184294	0.087785	0.23274	-0.18335
1.20401	0.0923267	0.293583	0.0783319	0.110661	0.328361	-0.0532905
1.47157	0.116246	0.331021	-0.081676	0.13556	0.34643	0.124682
1.73913	0.142146	0.276984	-0.255785	0.161373	0.264571	0.302284
2.00669	0.168799	0.129403	-0.389941	0.186679	0.0911685	0.422336
2.27425	0.194651	-0.0812962	-0.433638	0.209858	-0.132643	0.438479
2.54181	0.217956	-0.297895	-0.359464	0.229255	-0.343513	0.333547
2.80936	0.236962	-0.453634	-0.176574	0.243374	-0.476197	0.128884
3.07692	0.250127	-0.495424	0.0684269	0.251071	-0.486464	-0.120098
3.34448	0.256327	-0.404112	0.304991	0.251699	-0.367632	-0.341388
3.61204	0.255006	-0.203253	0.462271	0.245205	-0.153903	-0.470658
3.8796	0.24627	0.0478283	0.493945	0.232136	0.0911469	-0.473105
4.14716	0.230861	0.274458	0.394378	0.213559	0.296536	-0.354437
4.41472	0.210063	0.412558	0.199647	0.190924	0.407733	-0.15709
4.68227	0.185518	0.429891	-0.0266893	0.165869	0.403364	0.056271
4.94983	0.159016	0.334584	-0.216956	0.140034	0.299038	0.224966
5.21739	0.132281	0.16851	-0.322312	0.114886	0.138044	0.309563
5.48495	0.106791	-0.0106294	-0.326616	0.0915929	-0.026265	0.301501
5.75251	0.0836633	-0.150503	-0.247007	0.0709614	-0.148926	0.220867
6.02007	0.0636039	-0.220293	-0.122779	0.0534253	-0.205952	0.104923
6.28763	0.0469208	-0.216607	0.00151363	0.0390873	-0.197583	-0.0069537
6.55518	0.0335864	-0.15879	0.0914989	0.0277899	-0.142851	-0.0859281
6.82274	0.0233274	-0.0774752	0.131624	0.0192001	-0.0691979	-0.120049
7.0903	0.0157202	-0.00197146	0.125365	0.0128909	-0.00187737	-0.113523
7.35786	0.0102785	0.0486721	0.0889353	0.00841063	0.0431467	-0.0809259
7.62542	0.00652026	0.0686953	0.0424408	0.00533257	0.061297	-0.0396894
7.89298	0.00401289	0.0633048	0.00232184	0.00328556	0.0571863	-0.0039091
8.16054	0.00239605	0.0434139	-0.0226116	0.00196718	0.0401641	0.0188158
8.42809	0.00138794	0.0202209	-0.0312898	0.00114458	0.0198312	0.0274099
8.69565	0.000779959	0.00158631	-0.0278827	0.000647157	0.00304454	0.0252564
8.96321	0.000425201	-0.00915526	-0.0184765	0.00035558	-0.00710621	0.0174666
9.23077	0.000224869	-0.0124276	-0.00839184	0.000189858	-0.010731	0.00864308
9.49833	0.000115364	-0.0107088	-0.000828295	9.85112e-05	-0.00977937	0.00169563
9.76589	5.74133e-05	-0.00685732	0.00322342	4.96713e-05	-0.00665675	-0.00231496
10.0334	2.77173e-05	-0.00303719	0.00430032	2.43383e-05	-0.00328903	-0.00367703
10.301	1.29801e-05	-0.000354837	0.00358528	1.15888e-05	-0.000754184	-0.00331964
10.5686	5.89651e-06	0.000984402	0.00221979	5.36228e-06	0.000646538	-0.00222357
10.8361	2.59833e-06	0.00129525	0.000959504	2.41115e-06	0.00110229	-0.00109367
11.1037	1.11064e-06	0.00104603	0.000128295	1.05357e-06	0.000987838	-0.000278837
11.3712	4.60505e-07	0.000626821	-0.000260002	4.47372e-07	0.000651054	0.000153298
11.6388	1.85213e-07	0.000264779	-0.000339272	1.84602e-07	0.000317977	0.000288951
11.9064	7.22577e-08	3.96773e-05	-0.000265864	7.40232e-08	8.7346e-05	0.00025767
12.1739	2.73446e-08	-5.91835e-05	-0.000154408	2.88446e-08	-3.03278e-05	0.000167107
12.4415	1.00377e-08	-7.72049e-05	-6.38522e-05	1.09225e-08	-6.61935e-05	8.08761e-05
12.709	3.57414e-09	-5.88428e-05	-1.05673e-05	4.01927e-09	-5.89094e-05	2.34297e-05
12.9766	1.23448e-09	-3.318e-05	1.15573e-05	1.43726e-09	-3.76019e-05	-4.83255e-06
13.2441	4.13593e-10	-1.34592e-05	1.52461e-05	4.99443e-10	-1.80028e-05	-1.32417e-05
13.5117	1.34413e-10	-2.43204e-06	1.13357e-05	1.68656e-10	-5.41684e-06	-1.18031e-05
13.7793	4.23727e-11	1.92378e-06	6.21866e-06	5.53453e-11	5.65616e-07	-7.41791e-06
14.0468	1.29572e-11	2.60922e-06	2.47976e-06	1.76492e-11	2.31095e-06	-3.50838e-06
14.3144	3.84346e-12	1.89966e-06	4.84498e-07	5.4693e-12	2.07224e-06	-1.08403e-06
14.5819	1.10591e-12	1.01629e-06	-2.70286e-07	1.64704e-12	1.28299e-06	3.12951e-08
14.8495	3.08676e-13	3.99254e-07	-3.86357e-07	4.81991e-13	5.98746e-07	3.51417e-07
15.1171	8.35753e-14	8.36077e-08	-2.7674e-07	1.37069e-13	1.88339e-07	3.18743e-07
15.3846	2.19507e-14	-3.15179e-08	-1.44766e-07	3.78792e-14	5.31802e-09	1.94553e-07
15.6522	5.59264e-15	-4.93939e-08	-5.61505e-08	1.01725e-14	-4.6488e-08	8.95063e-08
15.9197	1.38225e-15	-3.50141e-08	-1.25008e-08	2.65473e-15	-4.29447e-08	2.84689e-08
16.1873	3.31409e-16	-1.7964e-08	2.9504e-09	6.73248e-16	-2.5866e-08	2.04879e-09
16.4548	7.70818e-17	-6.89383e-09	5.43663e-09	1.65918e-16	-1.17227e-08	-5.33825e-09
16.7224	1.73922e-17	-1.61941e-09	3.84313e-09	3.97353e-17	-3.7499e-09	-5.06692e-09
16.99	3.80692e-18	2.03854e-10	1.94046e-09	9.24749e-18	-3.96499e-10	-3.01501e-09
17.2575	8.08386e-19	5.13118e-10	7.38306e-10	2.09139e-18	5.305e-10	-1.34535e-09
17.5251	1.6653e-19	3.6538e-10	1.81734e-10	4.59632e-19	5.23378e-10	-4.30938e-10
17.7926	3.32814e-20	1.8229e-10	-7.20646e-12	9.81633e-20	3.08109e-10	-5.6854e-11
18.0602	6.45274e-21	6.89095e-11	-4.12821e-11	2.03729e-20	1.35312e-10	4.54255e-11
18.3278	1.21379e-21	1.76632e-11	-3.00301e-11	4.10884e-21	4.3248e-11	4.73123e-11
18.5953	2.21499e-22	4.94304e-13	-1.48746e-11	8.05285e-22	6.58512e-12	2.76029e-11
18.8629	3.92151e-23	-2.80479e-12	-5.59895e-12	1.53371e-22	-3.3292e-12	1.19284e-11
19.1304	6.73593e-24	-2.12769e-12	-1.48622e-12	2.83859e-23	-3.7414e-12	3.79313e-12
19.398	1.12247e-24	-1.05261e-12	-1.20362e-13	5.10536e-24	-2.16778e-12	6.37236e-13
19.6656	1.81493e-25	-3.95464e-13	1.58434e-13	8.92304e-25	-9.21756e-13	-2.06565e-13
19.9331	2.84811e-26	-1.08076e-13	1.29618e-13	1.51553e-25	-2.9092e-13	-2.58686e-13
20.2007	4.3473e-27	-1.31824e-14	6.46028e-14	2.50137e-26	-5.23882e-14	-1.49229e-13
20.4682	6.49858e-28	7.36999e-15	2.44037e-14	4.01196e-27	1.06374e-14	-6.24404e-14
20.7358	9.49574e-29	6.7813e-15	6.99796e-15	6.25316e-28	1.56284e-14	-1.9521e-14
21.0033	1.32956e-29	3.48321e-15	1.07833e-15	9.47122e-29	9.00369e-15	-3.69401e-15
21.2709	2.23607e-30	1.49158e-15	-1.06093e-16	1.39404e-29	3.70815e-15	4.35942e-16
21.5385	1.65996e-31	3.9626e-16	-9.47297e-17	1.99393e-30	1.14647e-15	8.24348e-16
21.806	1.99145e-32	1.34531e-16	-4.26144e-17	2.77146e-31	2.24734e-16	4.76068e-16
22.0736	7.82194e-32	-2.51238e-17	2.78547e-16	3.74345e-32	-1.26274e-17	1.93067e-16
22.3411	1.92272e-31	-4.24777e-16	1.08797e-16	4.91358e-33	-3.79251e-17	5.89514e-17
22.6087	9.76936e-32	-1.59528e-16	-2.68783e-16	6.26742e-34	-2.20564e-17	1.18431e-17
22.8763	5.96768e-33	5.04358e-17	5.85142e-17	7.7686e-35	-8.81315e-18	-1.19828e-19
23.1438	1.47298e-31	-3.82684e-16	2.91733e-17	9.35753e-36	-2.65473e-18	-1.51984e-18
23.4114	2.81622e-31	-1.86512e-16	-4.96825e-16	1.09533e-36	-5.421e-19	-8.9524e-19
23.6789	1.66383e-31	3.35824e-16	-2.31529e-16	1.24592e-37	-1.3452e-20	-3.52719e-19
23.9465	3.47497e-32	5.69787e-17	1.77491e-16	1.37721e-38	5.29641e-20	-1.04723e-19
24.214	4.32957e-32	-1.777e-16	-1.08251e-16	1.47936e-39	3.18268e-20	-2.15966e-20
24.4816	4.95742e-32	1.26376e-16	-1.83312e-16	1.54423e-40	1.23766e-20	-1.11485e-21
24.7492	2.87986e-32	1.0979e-16	1.29401e-16	1.56644e-41	3.61944e-21	1.60128e-21
25.0167	3.80745e-32	-1.71819e-16	9.24814e-17	1.54412e-42	7.49951e-22	9.90803e-22
25.2843	3.56035e-32	-1.54387e-16	-1.08481e-16	1.47914e-43	5.4258e-23	3.8075e-22
25.5518	1.66804e-32	-6.95277e-17	-1.08841e-16	1.37691e-44	-4.18642e-23	1.0962e-22
25.8194	2.68467e-32	-8.77455e-17	-1.38374e-16	1.24555e-45	-2.70016e-23	2.27259e-23
26.087	4.49702e-32	6.03101e-19	-2.12061e-16	1.09492e-46	-1.0269e-23	2.00974e-24
26.3545	3.54688e-32	1.15714e-16	-1.4859e-16	9.35341e-48	-2.90965e-24	-9.41981e-25
26.6221	1.77314e-32	1.17572e-16	-6.25153e-17	7.76461e-49	-6.01504e-25	-6.43936e-25
26.8896	1.52131e-32	1.18076e-16	-3.56538e-17	6.26374e-50	-6.07009e-26	-2.42802e-25
27.1572	1.88047e-32	1.33059e-16	3.31651e-17	4.91034e-51	1.8108e-26	-6.76937e-26
27.4247	1.51091e-32	6.27294e-17	1.05708e-16	3.7407e-52	1.34325e-26	-1.39154e-26
27.6923	6.549e-33	-2.88558e-17	7.56065e-17	2.76923e-53	5.03242e-27	-1.53851e-27
27.9599	1.07779e-33	-3.2737e-17	2.46594e-18	1.99218e-54	1.38054e-27	2.93767e-28
28.2274	4.71818e-34	1.50112e-17	-1.56997e-17	1.39271e-55	2.81543e-28	2.44959e-28
28.495	1.87389e-33	4.15165e-17	1.22585e-17	9.46149e-57	3.32085e-29	9.14258e-29
28.7625	3.4415e-33	3.60022e-17	4.63178e-17	6.24628e-58	-3.93116e-30	2.46814e-29
29.0301	4.68029e-33	6.45352e-18	6.81076e-17	4.00725e-59	-3.90272e-30	4.9841e-30
29.2977	4.80496e-33	-3.20952e-17	6.14399e-17	2.49825e-60	-1.45574e-30	6.15693e-31
29.5652	3.66191e-33	-5.13256e-17	3.20561e-17	1.51353e-61	-3.86847e-31	-4.12517e-32
29.8328	2.46973e-33	-4.89319e-17	8.68359e-18	8.9106e-63	-7.72309e-32	-5.42769e-32
30.1003	2.35109e-33	-4.82103e-17	-5.18235e-18	5.09787e-64	-9.85827e-33	-2.03126e-32
30.3679	3.16246e-33	-4.75674e-17	-2.99967e-17	2.83422e-65	2.90101e-34	-5.31583e-33
30.6355	4.06987e-33	-2.23569e-17	-5.97498e-17	1.53124e-66	6.58229e-34	-1.04784e-33
30.903	4.49196e-33	2.50347e-17	-6.21709e-17	8.03927e-68	2.48341e-34	-1.36819e-34
31.1706	4.33333e-33	5.9938e-17	-2.7217e-17	4.1016e-69	6.40435e-35	1.79561e-37
31.4381	3.7768e-33	5.8356e-17	1.92712e-17	2.03355e-70	1.24514e-35	6.95113e-36
31.7057	3.06498e-33	2.83411e-17	4.7558e-17	9.79761e-72	1.65012e-36	2.65984e-36
31.9732	2.36966e-33	-7.29268e-18	4.81298e-17	4.58722e-73	3.31141e-38	6.7648e-37
32.2408	1.756e-33	-3.0833e-17	2.83784e-17	2.0871e-74	-6.38058e-38	1.29614e-37
32.5084	1.22818e-33	-3.49747e-17	2.22529e-18	9.22783e-76	-2.4951e-38	1.73271e-38
32.7759	7.87577e-34	-2.27118e-17	-1.64849e-17	3.96479e-77	-6.26481e-39	6.32544e-40
33.0435	4.48105e-34	-5.10628e-18	-2.05434e-17	1.65541e-78	-1.18217e-39	-5.07823e-40
33.311	2.18346e-34	6.44565e-18	-1.32966e-17	6.71668e-80	-1.58633e-40	-2.04945e-40
33.5786	8.6955e-35	8.37891e-18	-4.09255e-18	2.6483e-81	-7.80948e-42	-5.08656e-41
33.8462	2.64067e-35	5.10335e-18	6.0203e-19	1.01472e-82	3.49211e-42	-9.44864e-42
34.1137	6.21945e-36	2.30016e-18	9.63696e-19	3.7782e-84	1.47354e-42	-1.26762e-42
34.3813	3.24376e-36	1.75507e-18	4.04355e-19	1.36707e-85	3.62068e-43	-7.49254e-44
34.6488	4.57115e-36	1.94285e-18	8.92466e-19	4.80683e-87	6.61874e-44	2.06413e-44
34.9164	5.25743e-36	1.31104e-18	1.88112e-18	1.64245e-88	8.84887e-45	9.27051e-45
35.1839	4.59972e-36	-5.4561e-20	2.144e-18	5.45367e-90	5.90816e-46	2.25934e-45
35.4515	3.29227e-36	-1.1603e-18	1.39498e-18	1.75974e-91	-1.04023e-46	4.06391e-46
35.7191	2.02133e-36	-1.39405e-18	2.79222e-19	5.5179e-93	-5.10103e-47	5.39986e-47
35.9866	1.09535e-36	-9.26915e-19	-4.85987e-19	1.68137e-94	-1.23586e-47	3.92458e-48
36.2542	5.33583e-37	-2.91553e-19	-6.69761e-19	4.97869e-96	-2.18732e-48	-4.40825e-49
36.5217	2.36634e-37	1.2561e-19	-4.69954e-19	1.43262e-97	-2.88213e-49	-2.45348e-49
36.7893	9.64416e-38	2.48218e-19	-1.86627e-19	4.00601e-99	-2.22493e-50	-5.92535e-50
37.0569	3.63915e-38	1.9075e-19	2.42666e-21	1.08857e-100	1.52983e-51	-1.03207e-50
37.3244	1.27944e-38	8.91998e-20	6.95539e-20	2.87452e-102	1.0308e-51	-1.3461e-51
37.592	4.21477e-39	1.71254e-20	6.26218e-20	7.37629e-104	2.48984e-52	-1.08488e-52
37.8595	1.30786e-39	-1.29689e-20	3.3759e-20	1.83939e-105	4.26929e-53	4.08713e-54
38.1271	3.8418e-40	-1.64203e-20	1.07031e-20	4.45733e-107	5.5034e-54	3.77966e-54
38.3946	1.07347e-40	-1.03515e-20	-4.39889e-22	1.04964e-108	4.57249e-55	9.16821e-55
38.6622	2.86741e-41	-4.23696e-21	-3.27448e-21	2.40197e-110	-6.77478e-57	1.54835e-55
38.9298	7.33976e-42	-8.01382e-22	-2.58796e-21	5.34145e-112	-1.20819e-56	1.97021e-56
39.1973	1.79405e-42	4.15217e-22	-1.27344e-21	1.15429e-113	-2.9579e-57	1.67145e-57
39.4649	4.26444e-43	5.30344e-22	-3.81024e-22	2.42402e-115	-4.92327e-58	3.93287e-60
39.7324	1.05416e-43	3.24677e-22	-1.09695e-24	4.94675e-117	-6.17779e-59	-3.3619e-59
40	2.10241e-44	1.30558e-22	6.30759e-23	9.80998e-119	-5.31194e-60	-8.35961e-60
